FileFormat:0002.2 file with temperature of atmosphere
radiometro padova
local	GMT or Local
0	GMT-Local=[hours]
30	Height[m]
0	0	0	Longitude                [grd]               [min]               [sec]
0	0	0	Latitude                [grd]               [min]               [sec]
N	NS
56.70	Freq[GHz]
0.00	dTemostat[K]
0.250	MessErr[K]
0.248	//[grad/step]
version 5.0.20060711
MTP5HE28F5670K-41.3D060217+A1.1
Commentary:
terrazzo dap pd MTP5HE N25
End Of Commentary

SYSTEM\summer.dat
data time	0	50	100	150	200	250	300	350	400	450	500	550	600	650	700	750	800	850	900	950	1000	OutsideTemperature
08/11/2021 00:00:00	10.43	10.54	10.47	10.43	10.46	10.66	10.64	10.64	10.69	10.96	11.27	11.44	11.60	11.59	11.57	11.35	11.13	10.87	10.61	10.32	10.04	10.40
08/11/2021 00:05:00	10.35	10.35	10.42	10.46	10.47	10.43	10.64	10.82	10.98	11.09	11.25	11.33	11.41	11.37	11.33	11.14	10.96	10.73	10.50	10.24	9.98	10.44
08/11/2021 00:10:00	10.59	10.85	10.97	11.05	11.14	11.37	11.45	11.44	11.36	11.50	11.66	11.72	11.77	11.68	11.59	11.34	11.09	10.80	10.51	10.20	9.88	10.51
08/11/2021 00:15:00	11.01	10.36	10.81	10.86	10.67	10.53	10.78	11.02	11.24	11.66	12.14	12.43	12.73	12.80	12.87	12.69	12.51	12.28	12.05	11.79	11.53	10.40
08/11/2021 00:20:00	11.57	12.09	12.30	12.30	12.11	11.80	12.47	12.91	13.02	12.69	12.42	12.22	12.03	11.86	11.70	11.54	11.39	11.18	10.97	10.73	10.48	10.34
08/11/2021 00:25:00	10.31	10.34	10.36	10.56	10.77	10.72	10.78	10.81	10.83	10.93	11.05	11.07	11.08	10.98	10.87	10.62	10.36	10.08	9.80	9.49	9.18	10.27
08/11/2021 00:30:00	10.22	10.06	10.09	10.02	9.94	10.01	10.13	10.15	10.10	10.25	10.44	10.51	10.59	10.53	10.47	10.25	10.03	9.78	9.53	9.26	8.99	10.33
08/11/2021 00:35:00	10.08	10.08	10.09	10.13	10.17	10.23	10.31	10.35	10.37	10.60	10.87	11.00	11.13	11.10	11.06	10.84	10.62	10.36	10.10	9.82	9.54	10.33
08/11/2021 00:40:00	9.88	9.74	9.82	9.88	9.95	10.08	10.19	10.32	10.45	10.56	10.71	10.78	10.84	10.79	10.73	10.54	10.34	10.11	9.87	9.61	9.34	10.15
08/11/2021 00:45:00	9.81	9.75	9.74	9.78	9.85	9.94	10.04	10.14	10.24	10.38	10.57	10.65	10.73	10.68	10.64	10.44	10.24	10.00	9.77	9.50	9.24	10.07
08/11/2021 00:50:00	10.03	9.93	9.97	10.01	10.06	10.17	10.19	10.27	10.40	10.62	10.87	11.01	11.14	11.11	11.08	10.87	10.67	10.42	10.18	9.91	9.63	10.07
08/11/2021 00:55:00	9.98	10.02	9.97	10.05	10.17	10.25	10.32	10.40	10.51	10.61	10.75	10.80	10.85	10.78	10.71	10.50	10.29	10.05	9.80	9.53	9.25	10.01
08/11/2021 01:00:00	9.92	9.94	10.04	10.09	10.13	10.20	10.23	10.32	10.46	10.50	10.56	10.57	10.57	10.47	10.38	10.17	9.96	9.72	9.48	9.21	8.95	9.92
08/11/2021 01:05:00	9.88	9.84	9.86	9.86	9.87	9.96	10.06	10.11	10.13	10.35	10.61	10.73	10.86	10.83	10.80	10.58	10.36	10.11	9.86	9.59	9.31	9.82
08/11/2021 01:10:00	9.90	9.86	9.82	9.86	9.94	10.02	10.16	10.23	10.25	10.42	10.64	10.74	10.84	10.79	10.75	10.54	10.33	10.08	9.84	9.56	9.29	9.77
08/11/2021 01:15:00	9.70	9.86	9.78	9.72	9.71	9.81	9.88	9.98	10.12	10.22	10.38	10.46	10.53	10.49	10.45	10.26	10.08	9.86	9.64	9.39	9.14	9.68
08/11/2021 01:20:00	9.57	9.58	9.64	9.67	9.73	9.89	9.95	10.04	10.14	10.25	10.40	10.45	10.51	10.45	10.39	10.18	9.98	9.75	9.51	9.24	8.98	9.52
08/11/2021 01:25:00	9.50	9.67	9.68	9.70	9.74	9.83	9.88	9.95	10.04	10.12	10.23	10.27	10.30	10.22	10.14	9.94	9.73	9.49	9.25	8.99	8.73	9.46
08/11/2021 01:30:00	9.45	9.60	9.70	9.76	9.79	9.81	9.84	9.92	10.04	10.17	10.33	10.39	10.46	10.39	10.32	10.11	9.89	9.65	9.40	9.14	8.87	9.38
08/11/2021 01:35:00	9.31	9.52	9.54	9.58	9.64	9.74	9.78	9.87	10.00	10.09	10.21	10.26	10.30	10.23	10.16	9.95	9.75	9.52	9.28	9.02	8.76	9.29
08/11/2021 01:40:00	9.36	9.40	9.55	9.58	9.57	9.68	9.74	9.84	9.95	10.01	10.10	10.12	10.14	10.05	9.97	9.77	9.57	9.34	9.11	8.85	8.59	9.30
08/11/2021 01:45:00	9.29	9.38	9.40	9.44	9.49	9.48	9.55	9.61	9.67	9.85	10.07	10.16	10.26	10.21	10.16	9.95	9.73	9.49	9.25	8.98	8.72	9.24
08/11/2021 01:50:00	9.26	9.37	9.43	9.52	9.59	9.60	9.67	9.74	9.80	9.91	10.05	10.10	10.15	10.07	9.99	9.77	9.55	9.31	9.06	8.79	8.52	9.25
08/11/2021 01:55:00	9.32	9.43	9.49	9.57	9.63	9.61	9.67	9.75	9.85	9.90	9.99	10.00	10.01	9.91	9.82	9.60	9.39	9.15	8.91	8.64	8.38	9.36
08/11/2021 02:00:00	9.41	9.51	9.60	9.67	9.72	9.80	9.81	9.85	9.93	10.04	10.17	10.21	10.25	10.16	10.08	9.86	9.63	9.38	9.13	8.86	8.59	9.46
08/11/2021 02:05:00	9.53	9.55	9.58	9.65	9.73	9.78	9.83	9.88	9.93	10.05	10.19	10.24	10.29	10.21	10.13	9.91	9.69	9.44	9.19	8.91	8.64	9.53
08/11/2021 02:10:00	9.62	9.70	9.77	9.78	9.80	9.92	9.93	9.91	9.89	10.01	10.16	10.20	10.24	10.15	10.06	9.82	9.59	9.33	9.06	8.78	8.50	9.68
08/11/2021 02:15:00	9.72	9.84	9.86	9.86	9.85	9.84	9.93	9.99	10.04	10.12	10.24	10.27	10.31	10.23	10.15	9.94	9.73	9.49	9.25	8.98	8.72	9.74
08/11/2021 02:20:00	9.75	9.95	9.93	9.94	9.95	9.97	10.00	10.03	10.09	10.20	10.34	10.39	10.44	10.36	10.29	10.07	9.85	9.60	9.35	9.08	8.81	9.83
08/11/2021 02:25:00	9.96	9.92	9.88	9.90	9.94	9.97	10.08	10.18	10.30	10.44	10.62	10.71	10.79	10.75	10.71	10.51	10.32	10.09	9.86	9.60	9.34	9.98
08/11/2021 02:30:00	10.02	9.99	10.04	10.03	10.03	10.15	10.23	10.31	10.38	10.47	10.60	10.65	10.69	10.62	10.55	10.34	10.14	9.90	9.66	9.39	9.12	10.02
08/11/2021 02:35:00	9.88	9.93	9.91	9.91	9.93	10.01	10.04	10.09	10.17	10.31	10.48	10.55	10.62	10.56	10.50	10.28	10.07	9.83	9.59	9.32	9.05	9.94
08/11/2021 02:40:00	9.89	9.84	9.91	9.94	9.96	10.01	10.03	10.06	10.11	10.28	10.49	10.57	10.66	10.60	10.54	10.31	10.09	9.83	9.58	9.30	9.02	9.82
08/11/2021 02:45:00	9.79	9.80	9.88	9.96	10.02	10.04	10.14	10.21	10.26	10.36	10.48	10.52	10.55	10.47	10.38	10.16	9.94	9.69	9.44	9.16	8.89	9.81
08/11/2021 02:50:00	9.73	9.85	9.95	10.04	10.11	10.21	10.23	10.29	10.38	10.45	10.55	10.56	10.57	10.48	10.38	10.16	9.93	9.68	9.43	9.15	8.87	9.77
08/11/2021 02:55:00	9.81	9.84	9.90	9.95	10.01	10.09	10.16	10.21	10.26	10.39	10.56	10.62	10.68	10.61	10.54	10.32	10.10	9.85	9.60	9.32	9.04	9.83
08/11/2021 03:00:00	9.89	9.86	9.94	10.00	10.04	10.11	10.19	10.27	10.36	10.44	10.56	10.60	10.63	10.55	10.47	10.26	10.05	9.81	9.56	9.29	9.02	9.88
08/11/2021 03:05:00	9.93	10.00	10.00	10.02	10.06	10.13	10.18	10.23	10.28	10.42	10.60	10.68	10.75	10.69	10.62	10.40	10.18	9.93	9.68	9.41	9.13	9.89
08/11/2021 03:10:00	9.92	10.00	10.06	10.11	10.14	10.18	10.27	10.36	10.44	10.53	10.64	10.68	10.71	10.63	10.55	10.34	10.13	9.89	9.64	9.37	9.10	9.85
08/11/2021 03:15:00	9.97	10.13	10.13	10.12	10.13	10.20	10.23	10.24	10.26	10.39	10.54	10.60	10.65	10.57	10.50	10.27	10.04	9.79	9.53	9.25	8.97	9.90
08/11/2021 03:20:00	9.94	10.03	10.02	10.02	10.06	10.17	10.17	10.21	10.31	10.48	10.68	10.77	10.87	10.82	10.77	10.55	10.34	10.09	9.85	9.57	9.30	9.97
08/11/2021 03:25:00	10.03	10.01	10.03	10.11	10.20	10.27	10.31	10.38	10.48	10.60	10.76	10.82	10.88	10.81	10.75	10.53	10.31	10.06	9.81	9.53	9.25	10.04
08/11/2021 03:30:00	10.01	10.05	10.12	10.18	10.25	10.39	10.41	10.45	10.52	10.60	10.70	10.72	10.74	10.64	10.55	10.32	10.10	9.84	9.58	9.30	9.01	10.03
08/11/2021 03:35:00	10.07	10.03	10.05	10.12	10.21	10.27	10.35	10.41	10.48	10.62	10.79	10.85	10.92	10.85	10.79	10.57	10.35	10.10	9.85	9.57	9.29	10.03
08/11/2021 03:40:00	10.07	10.11	10.09	10.12	10.19	10.29	10.29	10.37	10.51	10.56	10.65	10.67	10.69	10.61	10.52	10.31	10.11	9.87	9.63	9.36	9.09	10.13
08/11/2021 03:45:00	10.16	10.16	10.21	10.26	10.28	10.28	10.39	10.47	10.54	10.65	10.79	10.84	10.89	10.81	10.74	10.53	10.32	10.07	9.82	9.55	9.28	10.13
08/11/2021 03:50:00	10.18	10.18	10.28	10.31	10.31	10.37	10.42	10.48	10.54	10.61	10.71	10.72	10.74	10.65	10.55	10.33	10.11	9.86	9.61	9.33	9.05	10.15
08/11/2021 03:55:00	10.08	10.18	10.18	10.22	10.27	10.34	10.45	10.50	10.52	10.65	10.82	10.89	10.95	10.89	10.82	10.60	10.38	10.13	9.87	9.59	9.31	10.08
08/11/2021 04:00:00	10.09	10.11	10.14	10.19	10.26	10.35	10.44	10.51	10.56	10.68	10.84	10.90	10.95	10.88	10.81	10.60	10.38	10.13	9.88	9.59	9.31	10.10
08/11/2021 04:05:00	10.07	10.06	10.11	10.19	10.27	10.34	10.39	10.45	10.52	10.62	10.75	10.79	10.82	10.74	10.66	10.43	10.21	9.96	9.70	9.42	9.14	9.98
08/11/2021 04:10:00	9.95	9.98	10.04	10.10	10.15	10.20	10.26	10.32	10.40	10.48	10.59	10.62	10.65	10.56	10.47	10.26	10.04	9.79	9.54	9.26	8.98	9.99
08/11/2021 04:15:00	10.01	9.91	9.82	9.81	9.83	9.80	9.86	9.92	9.99	10.10	10.26	10.32	10.38	10.31	10.25	10.04	9.83	9.59	9.36	9.09	8.83	9.99
08/11/2021 04:20:00	10.07	9.98	9.93	9.93	9.96	10.04	10.10	10.16	10.22	10.32	10.46	10.52	10.57	10.50	10.43	10.22	10.02	9.77	9.53	9.26	8.99	10.15
08/11/2021 04:25:00	10.10	10.00	9.97	9.93	9.91	9.97	10.02	10.09	10.20	10.28	10.39	10.44	10.48	10.41	10.34	10.14	9.94	9.71	9.48	9.22	8.97	10.06
08/11/2021 04:30:00	10.11	10.01	9.95	9.94	9.96	9.97	10.01	10.07	10.14	10.27	10.43	10.50	10.57	10.51	10.44	10.23	10.03	9.78	9.54	9.28	9.01	10.17
08/11/2021 04:35:00	10.13	9.99	9.89	9.89	9.94	10.00	10.02	10.07	10.16	10.29	10.47	10.55	10.62	10.57	10.51	10.30	10.10	9.86	9.62	9.35	9.08	10.17
08/11/2021 04:40:00	10.10	10.05	10.03	10.02	10.03	10.10	10.13	10.18	10.25	10.32	10.42	10.45	10.47	10.39	10.31	10.09	9.88	9.64	9.40	9.13	8.86	10.15
08/11/2021 04:45:00	10.01	9.95	9.91	9.91	9.93	9.92	9.97	10.02	10.06	10.19	10.35	10.42	10.49	10.42	10.36	10.14	9.93	9.68	9.44	9.17	8.90	10.12
08/11/2021 04:50:00	10.14	10.09	10.03	10.03	10.07	10.15	10.18	10.22	10.28	10.35	10.45	10.47	10.50	10.41	10.32	10.11	9.90	9.65	9.41	9.14	8.87	10.24
08/11/2021 04:55:00	10.08	10.05	10.01	10.00	10.04	10.11	10.13	10.15	10.18	10.28	10.42	10.46	10.51	10.43	10.35	10.13	9.91	9.65	9.40	9.13	8.85	10.15
08/11/2021 05:00:00	10.14	10.05	10.06	10.08	10.11	10.17	10.19	10.24	10.33	10.46	10.63	10.70	10.77	10.70	10.64	10.43	10.21	9.97	9.72	9.45	9.18	10.18
08/11/2021 05:05:00	10.14	10.10	10.07	10.05	10.04	10.05	10.12	10.17	10.20	10.30	10.43	10.47	10.51	10.44	10.36	10.15	9.94	9.69	9.45	9.18	8.91	10.14
08/11/2021 05:10:00	10.09	10.01	9.98	9.97	9.97	10.01	10.03	10.08	10.15	10.27	10.42	10.48	10.53	10.47	10.40	10.19	9.97	9.73	9.49	9.22	8.95	10.17
08/11/2021 05:15:00	10.11	10.07	10.02	9.99	9.98	10.04	10.14	10.23	10.32	10.40	10.51	10.56	10.60	10.54	10.47	10.27	10.08	9.85	9.62	9.36	9.10	10.08
08/11/2021 05:20:00	10.33	10.36	10.36	10.38	10.42	10.48	10.54	10.62	10.70	10.80	10.94	10.99	11.05	10.98	10.91	10.70	10.48	10.24	9.99	9.72	9.44	10.18
08/11/2021 05:25:00	10.21	10.23	10.18	10.17	10.18	10.20	10.29	10.37	10.44	10.52	10.65	10.70	10.75	10.68	10.62	10.41	10.21	9.97	9.73	9.46	9.19	10.14
08/11/2021 05:30:00	10.14	10.07	10.02	10.04	10.08	10.15	10.20	10.24	10.28	10.42	10.59	10.66	10.72	10.66	10.60	10.38	10.16	9.91	9.66	9.39	9.11	10.13
08/11/2021 05:35:00	10.21	10.17	10.07	10.06	10.11	10.18	10.18	10.25	10.37	10.48	10.64	10.71	10.77	10.71	10.66	10.45	10.25	10.01	9.77	9.51	9.24	10.15
08/11/2021 05:40:00	10.19	10.09	10.00	9.97	9.99	10.11	10.16	10.22	10.29	10.45	10.65	10.74	10.84	10.80	10.75	10.55	10.35	10.11	9.87	9.61	9.34	10.21
08/11/2021 05:45:00	10.24	10.17	10.21	10.24	10.26	10.32	10.34	10.38	10.44	10.57	10.72	10.78	10.83	10.75	10.68	10.46	10.23	9.98	9.72	9.44	9.16	10.22
08/11/2021 05:50:00	10.21	10.12	10.10	10.08	10.08	10.17	10.25	10.33	10.42	10.53	10.67	10.74	10.80	10.74	10.68	10.49	10.29	10.05	9.81	9.55	9.28	10.17
08/11/2021 05:55:00	10.27	10.19	10.13	10.12	10.15	10.22	10.31	10.40	10.47	10.53	10.63	10.66	10.69	10.61	10.54	10.34	10.14	9.90	9.66	9.40	9.13	10.22
08/11/2021 06:00:00	10.26	10.14	10.09	10.11	10.15	10.16	10.23	10.30	10.38	10.46	10.58	10.62	10.66	10.58	10.51	10.30	10.09	9.84	9.60	9.33	9.06	10.20
08/11/2021 06:05:00	10.21	10.16	10.10	10.05	10.04	10.13	10.16	10.21	10.29	10.41	10.57	10.64	10.71	10.66	10.60	10.39	10.19	9.95	9.71	9.44	9.17	10.28
08/11/2021 06:10:00	10.22	10.14	10.11	10.13	10.17	10.21	10.22	10.24	10.28	10.39	10.52	10.56	10.60	10.52	10.44	10.21	9.99	9.73	9.48	9.20	8.92	10.23
08/11/2021 06:15:00	10.24	10.15	10.10	10.08	10.08	10.06	10.14	10.18	10.20	10.32	10.48	10.54	10.59	10.53	10.46	10.24	10.02	9.78	9.53	9.26	8.98	10.30
08/11/2021 06:20:00	10.23	10.15	10.08	10.07	10.10	10.16	10.20	10.24	10.28	10.36	10.47	10.49	10.52	10.44	10.35	10.14	9.92	9.68	9.43	9.16	8.88	10.27
08/11/2021 06:25:00	10.21	10.02	9.98	9.96	9.97	10.02	10.07	10.12	10.19	10.28	10.41	10.45	10.50	10.43	10.35	10.15	9.94	9.70	9.46	9.20	8.93	10.19
08/11/2021 06:30:00	10.18	10.10	10.02	9.98	9.99	10.07	10.14	10.20	10.24	10.30	10.40	10.43	10.45	10.37	10.30	10.09	9.89	9.65	9.41	9.15	8.88	10.17
08/11/2021 06:35:00	10.24	10.16	10.12	10.08	10.07	10.12	10.17	10.20	10.23	10.34	10.49	10.55	10.61	10.54	10.47	10.26	10.04	9.79	9.55	9.28	9.00	10.27
08/11/2021 06:40:00	10.16	10.09	10.02	10.00	10.00	10.00	10.09	10.15	10.18	10.30	10.46	10.53	10.60	10.54	10.47	10.26	10.05	9.81	9.57	9.30	9.04	10.15
08/11/2021 06:45:00	10.20	10.11	10.08	10.10	10.14	10.15	10.18	10.24	10.32	10.37	10.45	10.46	10.47	10.37	10.28	10.06	9.85	9.60	9.36	9.08	8.81	10.23
08/11/2021 06:50:00	10.21	10.03	10.00	9.96	9.96	10.03	10.10	10.16	10.23	10.33	10.48	10.53	10.59	10.53	10.46	10.26	10.06	9.82	9.58	9.32	9.05	10.19
08/11/2021 06:55:00	10.08	9.92	9.87	9.84	9.84	9.93	9.94	9.97	10.04	10.18	10.35	10.43	10.50	10.45	10.39	10.18	9.96	9.72	9.48	9.21	8.94	10.07
08/11/2021 07:00:00	10.07	9.90	9.76	9.74	9.79	9.81	9.86	9.91	9.98	10.08	10.21	10.26	10.31	10.24	10.18	9.97	9.77	9.53	9.29	9.03	8.77	9.99
08/11/2021 07:05:00	9.87	9.65	9.59	9.61	9.70	9.77	9.82	9.90	10.01	10.11	10.24	10.29	10.34	10.28	10.21	10.01	9.82	9.58	9.35	9.09	8.83	9.83
08/11/2021 07:10:00	9.69	9.52	9.45	9.45	9.48	9.50	9.57	9.64	9.71	9.82	9.97	10.03	10.08	10.02	9.96	9.76	9.55	9.32	9.09	8.83	8.57	9.71
08/11/2021 07:15:00	9.65	9.51	9.48	9.48	9.51	9.58	9.62	9.67	9.73	9.85	10.02	10.08	10.14	10.08	10.02	9.81	9.60	9.37	9.13	8.86	8.60	9.68
08/11/2021 07:20:00	9.70	9.53	9.55	9.59	9.63	9.67	9.71	9.77	9.84	9.94	10.06	10.10	10.13	10.06	9.98	9.76	9.55	9.31	9.07	8.81	8.54	9.77
08/11/2021 07:25:00	9.77	9.62	9.59	9.59	9.63	9.69	9.73	9.78	9.85	9.95	10.08	10.13	10.17	10.10	10.03	9.82	9.61	9.38	9.14	8.87	8.61	9.80
08/11/2021 07:30:00	9.75	9.69	9.66	9.67	9.70	9.72	9.76	9.80	9.85	9.96	10.11	10.16	10.21	10.14	10.06	9.85	9.63	9.39	9.15	8.88	8.61	10.02
08/11/2021 07:35:00	9.96	9.88	9.83	9.83	9.84	9.84	9.88	9.96	10.09	10.14	10.23	10.25	10.27	10.19	10.11	9.91	9.71	9.48	9.25	9.00	8.74	10.03
08/11/2021 07:40:00	9.97	9.89	9.86	9.82	9.79	9.81	9.87	9.91	9.94	10.05	10.20	10.26	10.31	10.24	10.17	9.96	9.75	9.51	9.27	9.00	8.74	9.98
08/11/2021 07:45:00	10.07	9.95	9.91	9.90	9.93	9.99	10.02	10.06	10.12	10.19	10.30	10.32	10.35	10.26	10.18	9.97	9.75	9.51	9.27	9.00	8.73	10.12
08/11/2021 07:50:00	10.08	9.94	9.93	9.97	10.02	10.04	10.05	10.10	10.18	10.27	10.40	10.44	10.48	10.39	10.31	10.09	9.87	9.63	9.38	9.10	8.83	10.15
08/11/2021 07:55:00	10.07	10.05	10.00	10.01	10.07	10.16	10.09	10.09	10.16	10.26	10.40	10.44	10.48	10.39	10.31	10.08	9.85	9.60	9.34	9.06	8.78	10.03
08/11/2021 08:00:00	10.10	10.04	10.04	10.03	10.05	10.13	10.11	10.13	10.19	10.23	10.29	10.28	10.27	10.16	10.06	9.84	9.62	9.37	9.12	8.84	8.57	10.15
08/11/2021 08:05:00	10.19	10.09	10.05	10.04	10.04	10.03	10.05	10.09	10.16	10.24	10.35	10.38	10.41	10.33	10.25	10.03	9.82	9.57	9.33	9.06	8.79	10.15
08/11/2021 08:10:00	10.13	10.08	10.05	10.06	10.07	10.03	10.05	10.10	10.19	10.23	10.29	10.29	10.29	10.19	10.09	9.88	9.66	9.42	9.18	8.91	8.64	10.17
08/11/2021 08:15:00	10.20	10.11	10.06	10.03	10.02	10.01	10.02	10.06	10.15	10.18	10.24	10.24	10.24	10.14	10.04	9.83	9.62	9.38	9.14	8.88	8.62	10.22
08/11/2021 08:20:00	10.18	10.09	10.01	10.01	10.05	10.12	10.14	10.17	10.21	10.27	10.36	10.38	10.39	10.30	10.21	9.99	9.78	9.53	9.28	9.01	8.73	10.11
08/11/2021 08:25:00	10.14	10.10	10.06	10.04	10.04	10.09	10.08	10.09	10.13	10.21	10.33	10.35	10.38	10.29	10.20	9.98	9.75	9.50	9.25	8.98	8.70	9.98
08/11/2021 08:30:00	9.87	9.81	9.78	9.81	9.84	9.81	9.86	9.89	9.91	9.97	10.06	10.07	10.08	9.98	9.88	9.66	9.43	9.19	8.94	8.67	8.39	9.90
08/11/2021 08:35:00	9.94	9.82	9.72	9.68	9.68	9.70	9.69	9.74	9.84	9.89	9.97	9.99	10.01	9.92	9.84	9.63	9.43	9.20	8.97	8.71	8.45	10.13
08/11/2021 08:40:00	10.13	10.05	10.01	9.97	9.96	10.02	10.02	10.06	10.14	10.16	10.22	10.22	10.21	10.11	10.01	9.81	9.60	9.36	9.12	8.85	8.59	10.13
08/11/2021 08:45:00	10.18	10.07	10.00	9.96	9.95	10.00	10.03	10.05	10.06	10.13	10.23	10.26	10.28	10.19	10.10	9.88	9.66	9.41	9.17	8.89	8.62	10.17
08/11/2021 08:50:00	10.24	10.17	10.08	10.00	9.96	9.99	9.99	10.02	10.07	10.13	10.23	10.25	10.28	10.19	10.11	9.90	9.69	9.45	9.21	8.94	8.68	10.23
08/11/2021 08:55:00	10.22	10.07	10.00	9.98	9.98	9.99	10.05	10.11	10.17	10.18	10.22	10.20	10.19	10.09	9.98	9.78	9.57	9.34	9.10	8.84	8.57	10.33
08/11/2021 09:00:00	10.38	10.23	10.12	10.08	10.06	10.01	10.00	10.05	10.16	10.21	10.31	10.34	10.36	10.28	10.20	9.99	9.78	9.55	9.31	9.05	8.79	10.36
08/11/2021 09:05:00	10.41	10.26	10.08	9.99	9.97	9.93	9.94	9.97	10.03	10.13	10.28	10.34	10.40	10.34	10.28	10.07	9.87	9.63	9.39	9.13	8.87	10.46
08/11/2021 09:10:00	10.27	10.09	9.96	9.89	9.86	9.84	9.84	9.85	9.88	9.97	10.10	10.14	10.18	10.10	10.02	9.80	9.59	9.35	9.10	8.84	8.57	10.22
08/11/2021 09:15:00	10.18	10.01	9.90	9.82	9.78	9.84	9.87	9.91	9.96	10.07	10.21	10.27	10.33	10.27	10.21	10.01	9.81	9.57	9.34	9.08	8.82	10.22
08/11/2021 09:20:00	10.16	10.01	9.90	9.85	9.85	9.90	9.89	9.92	9.98	10.08	10.23	10.28	10.34	10.27	10.20	9.99	9.78	9.54	9.30	9.03	8.77	10.03
08/11/2021 09:25:00	9.94	9.90	9.80	9.75	9.74	9.78	9.81	9.85	9.93	10.03	10.18	10.24	10.30	10.24	10.18	9.97	9.77	9.53	9.30	9.04	8.78	9.95
08/11/2021 09:30:00	9.92	9.76	9.68	9.63	9.62	9.66	9.76	9.85	9.92	10.02	10.15	10.21	10.27	10.22	10.16	9.97	9.78	9.55	9.33	9.07	8.82	9.93
08/11/2021 09:35:00	9.84	9.77	9.71	9.69	9.71	9.79	9.82	9.87	9.94	10.03	10.16	10.20	10.24	10.17	10.10	9.90	9.69	9.46	9.22	8.96	8.70	9.86
08/11/2021 09:40:00	9.93	9.79	9.69	9.67	9.70	9.76	9.82	9.90	10.00	10.10	10.24	10.30	10.36	10.30	10.24	10.05	9.85	9.62	9.39	9.14	8.88	9.89
08/11/2021 09:45:00	9.93	9.81	9.78	9.73	9.72	9.78	9.83	9.89	9.99	10.07	10.20	10.25	10.30	10.24	10.17	9.97	9.77	9.54	9.31	9.06	8.80	9.94
08/11/2021 09:50:00	9.92	9.80	9.72	9.70	9.71	9.73	9.79	9.86	9.95	10.07	10.22	10.29	10.36	10.30	10.24	10.05	9.85	9.62	9.38	9.13	8.87	9.96
08/11/2021 09:55:00	9.96	9.90	9.83	9.80	9.79	9.87	9.90	9.94	10.01	10.14	10.30	10.38	10.45	10.39	10.33	10.13	9.92	9.69	9.45	9.18	8.92	10.00
08/11/2021 10:00:00	9.93	9.93	9.86	9.81	9.78	9.80	9.78	9.81	9.90	10.05	10.24	10.33	10.42	10.37	10.31	10.10	9.89	9.66	9.42	9.16	8.89	10.00
08/11/2021 10:05:00	10.05	10.07	9.93	9.88	9.87	9.90	9.99	10.09	10.19	10.23	10.32	10.35	10.38	10.31	10.24	10.05	9.86	9.64	9.42	9.17	8.92	10.17
08/11/2021 10:10:00	10.16	10.16	10.05	10.05	10.07	10.04	10.11	10.17	10.21	10.32	10.47	10.53	10.59	10.52	10.45	10.24	10.03	9.79	9.55	9.28	9.01	10.24
08/11/2021 10:15:00	10.39	10.22	10.10	10.08	10.12	10.21	10.26	10.32	10.42	10.53	10.68	10.74	10.81	10.75	10.70	10.50	10.30	10.07	9.83	9.56	9.30	10.39
08/11/2021 10:20:00	10.42	10.35	10.23	10.19	10.20	10.23	10.26	10.31	10.38	10.50	10.66	10.74	10.81	10.75	10.69	10.48	10.28	10.04	9.79	9.52	9.25	10.43
08/11/2021 10:25:00	10.48	10.39	10.30	10.23	10.21	10.28	10.29	10.35	10.47	10.57	10.71	10.77	10.84	10.78	10.72	10.52	10.32	10.09	9.85	9.59	9.33	10.38
08/11/2021 10:30:00	10.46	10.33	10.24	10.19	10.18	10.25	10.29	10.35	10.45	10.55	10.69	10.75	10.81	10.75	10.69	10.49	10.29	10.05	9.82	9.55	9.29	10.40
08/11/2021 10:35:00	10.37	10.31	10.20	10.13	10.13	10.27	10.28	10.32	10.39	10.52	10.70	10.78	10.87	10.82	10.76	10.56	10.36	10.12	9.87	9.61	9.34	10.37
08/11/2021 10:40:00	10.45	10.44	10.37	10.31	10.28	10.31	10.31	10.33	10.36	10.50	10.68	10.76	10.84	10.78	10.72	10.50	10.28	10.03	9.78	9.50	9.23	10.53
08/11/2021 10:45:00	10.51	10.40	10.31	10.24	10.21	10.29	10.38	10.46	10.56	10.64	10.77	10.83	10.89	10.83	10.77	10.58	10.39	10.16	9.94	9.68	9.42	10.53
08/11/2021 10:50:00	10.57	10.45	10.28	10.21	10.22	10.31	10.33	10.40	10.51	10.60	10.73	10.79	10.84	10.78	10.73	10.53	10.34	10.10	9.87	9.61	9.35	10.61
08/11/2021 10:55:00	10.53	10.44	10.31	10.28	10.29	10.24	10.31	10.38	10.44	10.53	10.67	10.73	10.78	10.72	10.65	10.44	10.24	10.00	9.76	9.49	9.22	10.62
08/11/2021 11:00:00	10.50	10.40	10.29	10.25	10.26	10.32	10.36	10.45	10.57	10.63	10.73	10.76	10.79	10.72	10.65	10.46	10.26	10.03	9.80	9.54	9.27	10.52
08/11/2021 11:05:00	10.44	10.40	10.30	10.27	10.28	10.28	10.31	10.37	10.46	10.58	10.76	10.83	10.91	10.86	10.80	10.59	10.39	10.15	9.90	9.64	9.37	10.48
08/11/2021 11:10:00	10.54	10.39	10.34	10.29	10.27	10.30	10.35	10.39	10.45	10.57	10.73	10.79	10.86	10.80	10.73	10.52	10.31	10.07	9.83	9.55	9.28	10.52
08/11/2021 11:15:00	10.52	10.40	10.30	10.23	10.20	10.22	10.25	10.29	10.35	10.49	10.68	10.77	10.86	10.81	10.76	10.56	10.35	10.11	9.86	9.60	9.33	10.52
08/11/2021 11:20:00	10.52	10.42	10.31	10.26	10.27	10.30	10.35	10.40	10.44	10.59	10.78	10.88	10.97	10.92	10.87	10.66	10.45	10.21	9.96	9.69	9.42	10.54
08/11/2021 11:25:00	10.59	10.45	10.36	10.33	10.33	10.36	10.39	10.47	10.58	10.66	10.78	10.82	10.86	10.79	10.73	10.52	10.32	10.09	9.85	9.58	9.32	10.56
08/11/2021 11:30:00	10.57	10.49	10.40	10.36	10.34	10.36	10.41	10.45	10.48	10.57	10.71	10.75	10.80	10.72	10.65	10.44	10.22	9.98	9.73	9.45	9.18	10.60
08/11/2021 11:35:00	10.55	10.48	10.36	10.29	10.28	10.34	10.34	10.35	10.37	10.52	10.72	10.81	10.90	10.84	10.79	10.57	10.35	10.10	9.84	9.57	9.29	10.53
08/11/2021 11:40:00	10.53	10.43	10.30	10.24	10.24	10.27	10.28	10.31	10.37	10.50	10.67	10.75	10.83	10.77	10.71	10.50	10.29	10.05	9.81	9.54	9.26	10.52
08/11/2021 11:45:00	10.64	10.50	10.41	10.33	10.29	10.32	10.36	10.42	10.50	10.59	10.73	10.78	10.83	10.77	10.71	10.51	10.30	10.07	9.83	9.56	9.30	10.62
08/11/2021 11:50:00	10.60	10.52	10.38	10.37	10.40	10.37	10.37	10.42	10.52	10.62	10.75	10.80	10.85	10.78	10.71	10.50	10.29	10.05	9.80	9.53	9.26	10.62
08/11/2021 11:55:00	10.60	10.49	10.37	10.27	10.21	10.27	10.32	10.36	10.41	10.55	10.75	10.84	10.93	10.89	10.85	10.64	10.44	10.20	9.96	9.70	9.43	10.56
08/11/2021 12:00:00	10.47	10.37	10.30	10.23	10.18	10.23	10.27	10.32	10.37	10.50	10.67	10.75	10.83	10.77	10.72	10.51	10.31	10.07	9.83	9.56	9.29	10.48
08/11/2021 12:05:00	10.61	10.51	10.38	10.33	10.32	10.34	10.38	10.44	10.53	10.62	10.75	10.80	10.86	10.79	10.73	10.53	10.33	10.09	9.85	9.59	9.32	10.66
08/11/2021 12:10:00	10.59	10.47	10.32	10.26	10.27	10.29	10.34	10.38	10.39	10.53	10.71	10.79	10.87	10.81	10.76	10.54	10.33	10.09	9.84	9.56	9.29	10.57
08/11/2021 12:15:00	10.60	10.45	10.32	10.28	10.29	10.27	10.34	10.41	10.48	10.59	10.74	10.81	10.87	10.81	10.75	10.55	10.35	10.11	9.88	9.61	9.34	10.57
08/11/2021 12:20:00	10.53	10.46	10.34	10.29	10.30	10.36	10.41	10.46	10.50	10.59	10.71	10.76	10.80	10.73	10.66	10.45	10.24	9.99	9.75	9.48	9.21	10.60
08/11/2021 12:25:00	10.68	10.54	10.47	10.42	10.38	10.42	10.46	10.52	10.60	10.68	10.79	10.83	10.87	10.80	10.73	10.53	10.32	10.08	9.84	9.57	9.31	10.66
08/11/2021 12:30:00	10.75	10.59	10.47	10.43	10.44	10.49	10.52	10.59	10.69	10.77	10.90	10.94	10.99	10.92	10.85	10.65	10.45	10.21	9.97	9.70	9.43	10.78
08/11/2021 12:35:00	10.87	10.73	10.65	10.60	10.58	10.63	10.68	10.74	10.82	10.87	10.97	10.99	11.01	10.93	10.85	10.65	10.44	10.20	9.96	9.69	9.41	10.91
08/11/2021 12:40:00	10.94	10.81	10.73	10.69	10.69	10.73	10.73	10.78	10.88	10.94	11.04	11.06	11.09	11.01	10.93	10.72	10.51	10.26	10.01	9.74	9.46	11.02
08/11/2021 12:45:00	11.03	10.91	10.84	10.77	10.71	10.73	10.71	10.75	10.87	10.94	11.05	11.09	11.13	11.06	10.98	10.77	10.56	10.32	10.07	9.80	9.53	11.06
08/11/2021 12:50:00	11.09	10.87	10.74	10.68	10.67	10.67	10.74	10.80	10.87	10.96	11.09	11.15	11.20	11.13	11.07	10.86	10.66	10.42	10.17	9.90	9.62	11.10
08/11/2021 12:55:00	11.09	10.95	10.86	10.81	10.77	10.73	10.78	10.81	10.83	10.91	11.03	11.07	11.10	11.02	10.94	10.72	10.50	10.24	9.99	9.71	9.43	11.08
08/11/2021 13:00:00	11.14	11.03	10.93	10.88	10.84	10.81	10.80	10.82	10.86	10.90	10.97	10.97	10.98	10.87	10.77	10.55	10.33	10.07	9.82	9.54	9.25	11.22
08/11/2021 13:05:00	11.19	11.07	10.95	10.87	10.83	10.82	10.85	10.87	10.88	11.00	11.16	11.23	11.29	11.23	11.16	10.94	10.72	10.46	10.21	9.92	9.64	11.20
08/11/2021 13:10:00	11.28	11.17	11.06	10.99	10.96	10.95	10.94	10.96	11.00	11.09	11.22	11.26	11.30	11.22	11.14	10.92	10.70	10.44	10.19	9.90	9.62	11.33
08/11/2021 13:15:00	11.29	11.18	11.04	10.95	10.92	10.94	11.00	11.02	11.02	11.09	11.21	11.24	11.28	11.20	11.11	10.90	10.68	10.42	10.17	9.89	9.60	11.28
08/11/2021 13:20:00	11.35	11.14	10.99	10.90	10.87	10.90	10.90	10.91	10.93	11.04	11.19	11.25	11.31	11.24	11.17	10.95	10.73	10.48	10.22	9.94	9.65	11.36
08/11/2021 13:25:00	11.40	11.25	11.15	11.05	10.97	10.94	10.96	10.98	11.01	11.10	11.23	11.28	11.33	11.25	11.18	10.96	10.74	10.49	10.23	9.95	9.67	11.37
08/11/2021 13:30:00	11.41	11.25	11.10	11.03	11.01	11.04	11.02	11.03	11.08	11.15	11.27	11.30	11.33	11.25	11.16	10.94	10.72	10.47	10.21	9.92	9.64	11.48
08/11/2021 13:35:00	11.49	11.34	11.20	11.10	11.03	11.00	11.00	11.02	11.07	11.15	11.27	11.32	11.36	11.28	11.21	10.99	10.77	10.52	10.27	9.99	9.71	11.45
08/11/2021 13:40:00	11.50	11.35	11.22	11.12	11.05	11.04	11.04	11.04	11.03	11.16	11.34	11.41	11.48	11.41	11.34	11.12	10.89	10.63	10.37	10.09	9.80	11.53
08/11/2021 13:45:00	11.50	11.41	11.24	11.14	11.08	11.06	11.07	11.09	11.11	11.20	11.33	11.37	11.42	11.34	11.27	11.05	10.83	10.57	10.32	10.03	9.75	11.55
08/11/2021 13:50:00	11.56	11.38	11.24	11.14	11.09	11.15	11.13	11.13	11.16	11.23	11.33	11.35	11.37	11.28	11.20	10.98	10.76	10.50	10.24	9.96	9.67	11.49
08/11/2021 13:55:00	11.49	11.37	11.29	11.23	11.18	11.17	11.17	11.19	11.24	11.29	11.37	11.39	11.40	11.30	11.21	10.99	10.76	10.51	10.25	9.96	9.67	11.54
08/11/2021 14:00:00	11.58	11.47	11.35	11.28	11.25	11.24	11.24	11.26	11.31	11.36	11.45	11.47	11.48	11.39	11.30	11.08	10.86	10.60	10.35	10.06	9.77	11.60
08/11/2021 14:05:00	11.58	11.48	11.34	11.26	11.22	11.22	11.23	11.24	11.26	11.30	11.37	11.38	11.38	11.29	11.19	10.96	10.74	10.48	10.22	9.94	9.65	11.57
08/11/2021 14:10:00	11.65	11.49	11.36	11.30	11.28	11.28	11.33	11.36	11.35	11.40	11.48	11.49	11.50	11.40	11.31	11.08	10.86	10.60	10.33	10.04	9.75	11.62
08/11/2021 14:15:00	11.61	11.55	11.42	11.32	11.24	11.22	11.23	11.23	11.25	11.32	11.43	11.46	11.48	11.40	11.31	11.09	10.87	10.61	10.35	10.06	9.78	11.64
08/11/2021 14:20:00	11.68	11.50	11.39	11.31	11.24	11.17	11.19	11.22	11.26	11.34	11.47	11.51	11.55	11.47	11.39	11.17	10.95	10.70	10.44	10.16	9.87	11.70
08/11/2021 14:25:00	11.68	11.53	11.43	11.37	11.34	11.38	11.38	11.40	11.44	11.46	11.52	11.52	11.51	11.41	11.30	11.08	10.86	10.59	10.33	10.04	9.75	11.68
08/11/2021 14:30:00	11.74	11.59	11.45	11.39	11.37	11.33	11.32	11.33	11.37	11.44	11.54	11.57	11.59	11.50	11.41	11.19	10.96	10.70	10.44	10.15	9.85	11.73
08/11/2021 14:35:00	11.78	11.66	11.54	11.45	11.40	11.43	11.41	11.42	11.49	11.53	11.60	11.61	11.62	11.53	11.43	11.21	10.99	10.73	10.47	10.18	9.90	11.83
08/11/2021 14:40:00	11.87	11.70	11.55	11.50	11.49	11.43	11.41	11.42	11.47	11.55	11.66	11.69	11.72	11.63	11.54	11.31	11.08	10.82	10.55	10.26	9.96	11.88
08/11/2021 14:45:00	11.88	11.78	11.65	11.59	11.59	11.59	11.56	11.57	11.64	11.65	11.70	11.68	11.67	11.56	11.45	11.23	11.00	10.74	10.47	10.18	9.88	11.89
08/11/2021 14:50:00	11.91	11.76	11.66	11.57	11.52	11.54	11.53	11.54	11.58	11.64	11.74	11.77	11.79	11.70	11.61	11.39	11.16	10.90	10.63	10.34	10.05	11.92
08/11/2021 14:55:00	11.96	11.82	11.64	11.53	11.48	11.48	11.49	11.50	11.50	11.56	11.67	11.69	11.72	11.63	11.54	11.32	11.10	10.83	10.57	10.28	9.99	11.94
08/11/2021 15:00:00	11.94	11.71	11.60	11.53	11.51	11.55	11.54	11.56	11.63	11.70	11.80	11.83	11.86	11.77	11.69	11.47	11.25	10.99	10.72	10.43	10.14	11.89
08/11/2021 15:05:00	11.95	11.77	11.64	11.56	11.52	11.55	11.55	11.58	11.66	11.71	11.81	11.83	11.85	11.77	11.68	11.47	11.25	11.00	10.74	10.45	10.16	11.97
08/11/2021 15:10:00	11.94	11.84	11.69	11.61	11.58	11.58	11.56	11.57	11.60	11.69	11.81	11.85	11.90	11.82	11.73	11.51	11.28	11.02	10.75	10.46	10.16	11.99
08/11/2021 15:15:00	12.02	11.93	11.79	11.69	11.62	11.59	11.59	11.59	11.61	11.69	11.83	11.87	11.91	11.83	11.75	11.52	11.29	11.03	10.76	10.47	10.17	12.00
08/11/2021 15:20:00	11.96	11.85	11.72	11.63	11.58	11.57	11.56	11.58	11.65	11.71	11.80	11.82	11.84	11.76	11.67	11.45	11.23	10.97	10.71	10.42	10.13	12.02
08/11/2021 15:25:00	12.03	11.87	11.76	11.68	11.62	11.61	11.60	11.60	11.61	11.70	11.84	11.88	11.92	11.84	11.76	11.53	11.29	11.02	10.76	10.46	10.16	11.99
08/11/2021 15:30:00	11.97	11.88	11.76	11.67	11.59	11.54	11.50	11.50	11.53	11.63	11.78	11.83	11.88	11.80	11.72	11.49	11.26	10.99	10.72	10.43	10.14	12.02
08/11/2021 15:35:00	11.96	11.87	11.74	11.66	11.61	11.59	11.56	11.56	11.60	11.65	11.75	11.76	11.77	11.68	11.58	11.35	11.12	10.86	10.59	10.30	10.00	11.97
08/11/2021 15:40:00	12.00	11.86	11.72	11.62	11.55	11.51	11.52	11.53	11.54	11.64	11.78	11.83	11.88	11.81	11.73	11.51	11.28	11.01	10.75	10.46	10.16	11.97
08/11/2021 15:45:00	11.98	11.89	11.77	11.70	11.65	11.65	11.64	11.65	11.70	11.75	11.83	11.84	11.85	11.76	11.66	11.43	11.21	10.94	10.68	10.38	10.09	11.96
08/11/2021 15:50:00	11.99	11.80	11.75	11.70	11.65	11.64	11.66	11.69	11.75	11.79	11.86	11.87	11.87	11.78	11.68	11.45	11.23	10.97	10.70	10.41	10.11	12.12
08/11/2021 15:55:00	12.05	11.94	11.83	11.75	11.71	11.69	11.69	11.71	11.76	11.84	11.95	11.99	12.02	11.94	11.85	11.63	11.41	11.14	10.88	10.58	10.29	12.05
08/11/2021 16:00:00	12.05	11.92	11.83	11.77	11.74	11.70	11.70	11.71	11.74	11.84	11.97	12.01	12.06	11.98	11.90	11.66	11.43	11.16	10.89	10.60	10.30	12.05
08/11/2021 16:05:00	12.04	11.97	11.85	11.77	11.72	11.71	11.73	11.74	11.74	11.79	11.88	11.89	11.90	11.81	11.71	11.48	11.25	10.98	10.71	10.41	10.11	12.04
08/11/2021 16:10:00	12.00	11.87	11.81	11.76	11.72	11.71	11.73	11.74	11.74	11.79	11.87	11.87	11.87	11.77	11.66	11.43	11.19	10.92	10.64	10.34	10.04	12.02
08/11/2021 16:15:00	12.00	11.87	11.78	11.72	11.70	11.75	11.76	11.75	11.72	11.82	11.96	12.00	12.05	11.96	11.88	11.64	11.40	11.13	10.85	10.54	10.24	12.02
08/11/2021 16:20:00	11.99	11.88	11.80	11.73	11.68	11.71	11.72	11.76	11.83	11.87	11.95	11.96	11.97	11.87	11.78	11.56	11.35	11.09	10.83	10.54	10.25	12.03
08/11/2021 16:25:00	12.08	11.96	11.87	11.83	11.81	11.76	11.78	11.79	11.77	11.86	11.99	12.02	12.06	11.97	11.88	11.63	11.39	11.12	10.84	10.53	10.22	12.05
08/11/2021 16:30:00	12.07	11.91	11.84	11.79	11.76	11.77	11.77	11.79	11.82	11.87	11.96	11.98	11.99	11.89	11.79	11.56	11.33	11.06	10.79	10.48	10.18	12.01
08/11/2021 16:35:00	11.96	12.01	11.90	11.83	11.80	11.83	11.78	11.77	11.80	11.87	11.99	12.02	12.05	11.96	11.87	11.63	11.40	11.12	10.85	10.55	10.24	12.06
08/11/2021 16:40:00	12.08	12.00	11.89	11.83	11.81	11.84	11.85	11.87	11.91	11.96	12.05	12.07	12.09	11.99	11.90	11.67	11.44	11.18	10.91	10.61	10.31	12.12
08/11/2021 16:45:00	12.18	12.07	12.00	11.95	11.91	11.90	11.90	11.91	11.96	12.01	12.11	12.13	12.14	12.05	11.95	11.72	11.49	11.21	10.94	10.64	10.34	12.17
08/11/2021 16:50:00	12.11	12.03	11.92	11.85	11.83	11.82	11.83	11.87	11.97	12.02	12.11	12.13	12.16	12.07	11.99	11.77	11.55	11.29	11.03	10.74	10.45	12.14
08/11/2021 16:55:00	12.10	12.01	11.91	11.84	11.81	11.82	11.78	11.76	11.77	11.84	11.95	11.97	11.99	11.89	11.79	11.55	11.31	11.04	10.76	10.45	10.15	12.12
08/11/2021 17:00:00	12.11	11.99	11.85	11.78	11.77	11.79	11.78	11.81	11.87	11.92	12.01	12.03	12.04	11.95	11.86	11.64	11.41	11.15	10.88	10.59	10.29	12.09
08/11/2021 17:05:00	12.10	11.96	11.85	11.80	11.77	11.75	11.75	11.77	11.82	11.89	12.00	12.03	12.06	11.97	11.88	11.66	11.43	11.16	10.89	10.60	10.30	12.12
08/11/2021 17:10:00	12.06	11.98	11.87	11.79	11.73	11.73	11.77	11.79	11.78	11.89	12.04	12.10	12.15	12.08	12.01	11.78	11.55	11.28	11.01	10.71	10.41	12.03
08/11/2021 17:15:00	12.06	11.98	11.87	11.80	11.75	11.75	11.78	11.81	11.85	11.93	12.04	12.08	12.11	12.03	11.95	11.73	11.51	11.24	10.98	10.69	10.39	12.08
08/11/2021 17:20:00	12.06	11.99	11.89	11.81	11.76	11.79	11.79	11.80	11.83	11.91	12.03	12.07	12.11	12.02	11.94	11.71	11.48	11.21	10.94	10.64	10.34	12.04
08/11/2021 17:25:00	11.99	11.95	11.84	11.78	11.76	11.73	11.78	11.82	11.84	11.89	11.98	12.00	12.01	11.92	11.83	11.60	11.38	11.11	10.85	10.55	10.26	12.00
08/11/2021 17:30:00	12.01	11.92	11.78	11.73	11.73	11.72	11.76	11.81	11.88	11.95	12.07	12.10	12.14	12.06	11.98	11.76	11.54	11.28	11.02	10.73	10.44	12.01
08/11/2021 17:35:00	12.07	11.91	11.85	11.84	11.85	11.88	11.86	11.87	11.92	11.98	12.07	12.08	12.08	11.98	11.88	11.65	11.41	11.13	10.86	10.55	10.24	12.04
08/11/2021 17:40:00	12.04	11.91	11.78	11.74	11.76	11.78	11.84	11.89	11.93	11.97	12.06	12.07	12.09	11.99	11.90	11.68	11.46	11.20	10.93	10.63	10.33	11.95
08/11/2021 17:45:00	11.98	11.89	11.82	11.80	11.81	11.82	11.83	11.85	11.88	11.94	12.02	12.03	12.04	11.94	11.84	11.60	11.37	11.10	10.82	10.52	10.21	12.00
08/11/2021 17:50:00	11.96	11.80	11.73	11.70	11.68	11.68	11.64	11.66	11.75	11.84	11.96	11.99	12.02	11.94	11.86	11.63	11.40	11.14	10.87	10.57	10.28	11.94
08/11/2021 17:55:00	11.94	11.79	11.64	11.61	11.65	11.70	11.69	11.71	11.76	11.83	11.94	11.97	12.00	11.91	11.82	11.59	11.37	11.10	10.83	10.53	10.23	11.85
08/11/2021 18:00:00	11.94	11.90	11.76	11.71	11.71	11.73	11.73	11.75	11.79	11.88	12.00	12.04	12.09	12.00	11.92	11.69	11.47	11.20	10.93	10.63	10.33	11.92
08/11/2021 18:05:00	11.90	11.78	11.69	11.67	11.69	11.71	11.69	11.72	11.80	11.86	11.96	11.98	12.00	11.91	11.81	11.59	11.36	11.10	10.83	10.53	10.23	11.87
08/11/2021 18:10:00	11.86	11.74	11.65	11.59	11.56	11.57	11.58	11.62	11.70	11.78	11.90	11.94	11.98	11.91	11.83	11.61	11.39	11.13	10.87	10.58	10.29	11.89
08/11/2021 18:15:00	11.95	11.83	11.71	11.68	11.68	11.69	11.72	11.77	11.85	11.88	11.94	11.94	11.95	11.85	11.75	11.54	11.32	11.06	10.80	10.50	10.21	11.92
08/11/2021 18:20:00	11.86	11.74	11.61	11.57	11.60	11.63	11.64	11.67	11.71	11.82	11.96	12.01	12.07	11.99	11.92	11.69	11.47	11.20	10.93	10.63	10.34	11.85
08/11/2021 18:25:00	11.78	11.66	11.60	11.56	11.54	11.60	11.63	11.66	11.68	11.77	11.90	11.94	11.98	11.89	11.81	11.59	11.36	11.09	10.82	10.52	10.22	11.85
08/11/2021 18:30:00	11.89	11.66	11.56	11.50	11.48	11.49	11.51	11.56	11.65	11.73	11.85	11.90	11.94	11.86	11.79	11.58	11.36	11.11	10.85	10.56	10.27	11.85
08/11/2021 18:35:00	11.80	11.71	11.62	11.54	11.48	11.52	11.53	11.55	11.59	11.67	11.81	11.85	11.89	11.81	11.74	11.51	11.29	11.02	10.76	10.47	10.17	11.78
08/11/2021 18:40:00	11.73	11.59	11.56	11.51	11.46	11.49	11.52	11.55	11.56	11.63	11.74	11.77	11.79	11.70	11.61	11.39	11.16	10.89	10.63	10.33	10.04	11.70
08/11/2021 18:45:00	11.69	11.51	11.43	11.39	11.38	11.39	11.41	11.46	11.58	11.61	11.69	11.69	11.70	11.61	11.52	11.31	11.10	10.85	10.59	10.31	10.02	11.67
08/11/2021 18:50:00	11.65	11.48	11.39	11.33	11.29	11.28	11.34	11.39	11.40	11.50	11.63	11.67	11.72	11.64	11.57	11.35	11.13	10.87	10.61	10.32	10.03	11.61
08/11/2021 18:55:00	11.54	11.47	11.35	11.31	11.32	11.30	11.33	11.35	11.37	11.42	11.51	11.53	11.54	11.44	11.35	11.12	10.90	10.63	10.37	10.08	9.78	11.57
08/11/2021 19:00:00	11.54	11.46	11.38	11.31	11.25	11.27	11.31	11.36	11.42	11.44	11.50	11.50	11.50	11.40	11.31	11.09	10.88	10.63	10.38	10.09	9.81	11.56
08/11/2021 19:05:00	11.60	11.51	11.48	11.42	11.35	11.29	11.33	11.37	11.40	11.45	11.54	11.55	11.57	11.47	11.38	11.15	10.93	10.67	10.41	10.12	9.83	11.58
08/11/2021 19:10:00	11.49	11.45	11.32	11.24	11.20	11.16	11.17	11.19	11.22	11.32	11.45	11.50	11.55	11.47	11.39	11.17	10.95	10.69	10.43	10.14	9.85	11.52
08/11/2021 19:15:00	11.52	11.44	11.31	11.19	11.12	11.21	11.19	11.21	11.31	11.34	11.42	11.43	11.45	11.36	11.28	11.07	10.86	10.61	10.37	10.09	9.81	11.55
08/11/2021 19:20:00	11.50	11.38	11.30	11.24	11.20	11.17	11.16	11.19	11.25	11.30	11.39	11.40	11.41	11.32	11.22	11.00	10.78	10.52	10.26	9.97	9.68	11.54
08/11/2021 19:25:00	11.52	11.42	11.25	11.16	11.14	11.14	11.18	11.23	11.30	11.39	11.52	11.58	11.64	11.57	11.51	11.30	11.09	10.84	10.59	10.31	10.03	11.51
08/11/2021 19:30:00	11.55	11.44	11.30	11.22	11.18	11.21	11.24	11.28	11.32	11.40	11.53	11.57	11.61	11.54	11.47	11.25	11.04	10.78	10.53	10.25	9.96	11.53
08/11/2021 19:35:00	11.48	11.40	11.29	11.21	11.17	11.17	11.19	11.20	11.19	11.29	11.42	11.46	11.50	11.42	11.34	11.11	10.88	10.62	10.36	10.06	9.77	11.48
08/11/2021 19:40:00	11.45	11.35	11.23	11.16	11.14	11.18	11.16	11.18	11.24	11.29	11.39	11.41	11.43	11.34	11.25	11.02	10.80	10.55	10.29	10.00	9.72	11.45
08/11/2021 19:45:00	11.40	11.26	11.18	11.11	11.06	11.04	11.02	11.05	11.15	11.23	11.35	11.39	11.43	11.35	11.28	11.06	10.84	10.59	10.34	10.06	9.78	11.39
08/11/2021 19:50:00	11.34	11.20	11.15	11.10	11.06	11.04	11.07	11.12	11.19	11.24	11.34	11.36	11.38	11.30	11.21	10.99	10.78	10.52	10.27	9.99	9.71	11.34
08/11/2021 19:55:00	11.32	11.15	11.05	11.00	10.99	10.98	10.99	11.02	11.07	11.19	11.35	11.41	11.48	11.41	11.35	11.13	10.91	10.65	10.39	10.11	9.82	11.35
08/11/2021 20:00:00	11.28	11.18	11.05	11.00	11.00	11.03	11.06	11.09	11.14	11.22	11.33	11.37	11.41	11.33	11.25	11.04	10.82	10.57	10.31	10.03	9.74	11.31
08/11/2021 20:05:00	11.34	11.16	11.04	10.98	10.97	10.97	11.01	11.07	11.15	11.22	11.32	11.36	11.39	11.32	11.25	11.04	10.83	10.59	10.34	10.06	9.78	11.33
08/11/2021 20:10:00	11.31	11.26	11.11	11.05	11.05	11.06	11.07	11.08	11.10	11.22	11.37	11.43	11.49	11.42	11.35	11.13	10.90	10.64	10.38	10.09	9.81	11.30
08/11/2021 20:15:00	11.31	11.17	11.10	11.09	11.10	11.03	11.07	11.13	11.20	11.22	11.27	11.26	11.25	11.14	11.04	10.82	10.60	10.34	10.09	9.80	9.52	11.25
08/11/2021 20:20:00	11.22	11.11	10.99	10.94	10.92	10.86	10.88	10.92	10.96	11.04	11.15	11.19	11.22	11.14	11.06	10.84	10.62	10.37	10.11	9.83	9.55	11.23
08/11/2021 20:25:00	11.18	11.06	10.93	10.84	10.81	10.82	10.82	10.87	10.98	11.01	11.09	11.10	11.11	11.03	10.94	10.74	10.53	10.29	10.05	9.78	9.50	11.15
08/11/2021 20:30:00	11.09	11.03	10.87	10.77	10.74	10.80	10.80	10.83	10.87	10.93	11.02	11.04	11.06	10.98	10.89	10.68	10.47	10.22	9.97	9.70	9.42	11.08
08/11/2021 20:35:00	11.05	10.95	10.80	10.74	10.74	10.80	10.80	10.83	10.91	10.92	10.96	10.95	10.94	10.84	10.74	10.53	10.32	10.08	9.83	9.55	9.28	11.00
08/11/2021 20:40:00	10.92	10.78	10.69	10.62	10.56	10.56	10.60	10.66	10.76	10.80	10.89	10.92	10.94	10.86	10.78	10.58	10.38	10.14	9.90	9.64	9.37	10.89
08/11/2021 20:45:00	10.80	10.71	10.66	10.59	10.55	10.66	10.66	10.70	10.78	10.81	10.88	10.88	10.89	10.80	10.71	10.50	10.29	10.04	9.80	9.53	9.25	10.75
08/11/2021 20:50:00	10.69	10.67	10.51	10.45	10.47	10.54	10.53	10.55	10.62	10.72	10.86	10.91	10.96	10.89	10.82	10.61	10.40	10.15	9.90	9.63	9.35	10.64
08/11/2021 20:55:00	10.63	10.50	10.44	10.39	10.35	10.37	10.40	10.45	10.54	10.60	10.70	10.74	10.77	10.69	10.61	10.40	10.20	9.96	9.72	9.45	9.18	10.57
08/11/2021 21:00:00	10.52	10.48	10.37	10.30	10.27	10.34	10.29	10.30	10.38	10.45	10.56	10.59	10.62	10.54	10.46	10.25	10.03	9.79	9.54	9.27	9.00	10.48
08/11/2021 21:05:00	10.43	10.36	10.36	10.32	10.27	10.26	10.29	10.30	10.29	10.39	10.51	10.55	10.58	10.49	10.41	10.18	9.95	9.70	9.44	9.16	8.88	10.40
08/11/2021 21:10:00	10.37	10.29	10.26	10.21	10.17	10.22	10.23	10.26	10.32	10.34	10.41	10.40	10.40	10.30	10.20	9.98	9.77	9.52	9.28	9.01	8.74	10.32
08/11/2021 21:15:00	10.27	10.19	10.13	10.15	10.20	10.22	10.27	10.30	10.31	10.37	10.47	10.48	10.49	10.39	10.29	10.07	9.84	9.59	9.33	9.05	8.77	10.24
08/11/2021 21:20:00	10.17	10.16	10.07	10.07	10.12	10.21	10.22	10.28	10.37	10.41	10.48	10.49	10.50	10.41	10.32	10.11	9.90	9.66	9.42	9.15	8.88	10.19
08/11/2021 21:25:00	10.17	10.12	10.09	10.07	10.07	10.13	10.15	10.19	10.25	10.32	10.43	10.45	10.48	10.39	10.31	10.09	9.87	9.63	9.38	9.11	8.84	10.17
08/11/2021 21:30:00	10.08	10.09	10.09	10.06	10.02	10.02	10.09	10.15	10.20	10.28	10.40	10.44	10.48	10.40	10.33	10.12	9.90	9.66	9.42	9.16	8.89	10.08
08/11/2021 21:35:00	10.08	10.03	10.02	10.02	10.01	9.98	9.99	10.04	10.15	10.24	10.36	10.40	10.44	10.36	10.28	10.07	9.86	9.62	9.38	9.11	8.85	10.06
08/11/2021 21:40:00	10.05	9.95	9.94	9.95	9.99	10.07	10.13	10.17	10.21	10.29	10.41	10.44	10.46	10.38	10.29	10.08	9.86	9.61	9.36	9.09	8.81	10.01
08/11/2021 21:45:00	10.00	10.00	9.89	9.87	9.90	9.95	10.01	10.05	10.08	10.19	10.34	10.41	10.47	10.40	10.34	10.13	9.91	9.67	9.43	9.16	8.89	9.99
08/11/2021 21:50:00	9.96	9.92	9.88	9.90	9.96	10.02	10.03	10.07	10.15	10.25	10.38	10.42	10.47	10.39	10.31	10.10	9.88	9.63	9.39	9.12	8.84	9.95
08/11/2021 21:55:00	9.90	9.77	9.75	9.74	9.77	9.84	9.87	9.91	9.97	10.09	10.26	10.32	10.38	10.31	10.25	10.03	9.82	9.58	9.33	9.06	8.79	9.88
08/11/2021 22:00:00	9.77	9.68	9.64	9.67	9.73	9.80	9.85	9.91	9.97	10.06	10.18	10.22	10.25	10.18	10.10	9.89	9.68	9.44	9.20	8.93	8.66	9.75
08/11/2021 22:05:00	9.69	9.67	9.68	9.65	9.63	9.65	9.70	9.74	9.77	9.91	10.09	10.16	10.24	10.17	10.11	9.90	9.68	9.44	9.19	8.93	8.66	9.66
08/11/2021 22:10:00	9.67	9.55	9.58	9.61	9.64	9.69	9.74	9.78	9.82	9.92	10.05	10.09	10.13	10.05	9.97	9.75	9.54	9.29	9.05	8.78	8.51	9.63
08/11/2021 22:15:00	9.62	9.61	9.59	9.56	9.54	9.58	9.62	9.66	9.72	9.82	9.96	10.01	10.05	9.98	9.91	9.70	9.49	9.26	9.02	8.76	8.50	9.61
08/11/2021 22:20:00	9.65	9.64	9.60	9.58	9.59	9.61	9.67	9.74	9.82	9.89	10.00	10.04	10.07	10.00	9.93	9.72	9.52	9.29	9.06	8.80	8.54	9.63
08/11/2021 22:25:00	9.65	9.60	9.55	9.52	9.53	9.56	9.64	9.69	9.74	9.85	9.99	10.05	10.10	10.04	9.97	9.77	9.56	9.33	9.10	8.84	8.58	9.63
08/11/2021 22:30:00	9.60	9.56	9.56	9.55	9.54	9.56	9.64	9.69	9.72	9.83	9.97	10.02	10.07	10.00	9.92	9.71	9.50	9.27	9.03	8.77	8.50	9.58
08/11/2021 22:35:00	9.56	9.47	9.43	9.44	9.50	9.59	9.62	9.69	9.79	9.84	9.91	9.92	9.93	9.84	9.75	9.55	9.35	9.12	8.88	8.63	8.37	9.48
08/11/2021 22:40:00	9.39	9.41	9.39	9.42	9.47	9.54	9.54	9.58	9.66	9.72	9.81	9.82	9.84	9.74	9.65	9.44	9.23	8.99	8.75	8.49	8.23	9.52
08/11/2021 22:45:00	9.58	9.69	9.61	9.59	9.61	9.64	9.68	9.71	9.73	9.86	10.01	10.07	10.14	10.07	10.00	9.78	9.56	9.32	9.08	8.81	8.54	9.57
08/11/2021 22:50:00	9.54	9.52	9.52	9.49	9.49	9.56	9.59	9.65	9.72	9.80	9.92	9.95	9.99	9.91	9.83	9.63	9.42	9.19	8.96	8.70	8.44	9.52
08/11/2021 22:55:00	9.51	9.52	9.48	9.48	9.49	9.48	9.57	9.62	9.65	9.74	9.86	9.90	9.94	9.87	9.79	9.58	9.37	9.13	8.89	8.63	8.37	9.43
08/11/2021 23:00:00	9.37	9.37	9.34	9.32	9.34	9.41	9.44	9.48	9.54	9.64	9.78	9.83	9.88	9.80	9.73	9.52	9.31	9.08	8.85	8.59	8.33	9.32
08/11/2021 23:05:00	9.37	9.41	9.35	9.36	9.41	9.49	9.49	9.53	9.61	9.69	9.80	9.83	9.86	9.78	9.69	9.49	9.28	9.04	8.80	8.54	8.28	9.35
08/11/2021 23:10:00	9.34	9.33	9.32	9.32	9.32	9.31	9.32	9.33	9.36	9.51	9.68	9.75	9.82	9.75	9.68	9.46	9.23	8.99	8.75	8.48	8.22	9.28
08/11/2021 23:15:00	9.40	9.37	9.29	9.29	9.33	9.35	9.39	9.46	9.58	9.60	9.67	9.67	9.67	9.58	9.49	9.29	9.10	8.87	8.65	8.40	8.15	9.39
08/11/2021 23:20:00	9.42	9.49	9.35	9.31	9.33	9.37	9.34	9.34	9.39	9.54	9.72	9.80	9.88	9.83	9.77	9.55	9.34	9.10	8.86	8.60	8.34	9.37
08/11/2021 23:25:00	9.36	9.35	9.32	9.32	9.35	9.43	9.45	9.50	9.58	9.65	9.77	9.80	9.83	9.75	9.67	9.47	9.26	9.03	8.80	8.54	8.28	9.33
08/11/2021 23:30:00	9.34	9.32	9.22	9.20	9.24	9.27	9.36	9.46	9.57	9.62	9.71	9.73	9.76	9.69	9.62	9.43	9.24	9.02	8.81	8.56	8.32	9.33
08/11/2021 23:35:00	9.31	9.30	9.29	9.29	9.32	9.37	9.41	9.45	9.52	9.58	9.68	9.70	9.72	9.63	9.54	9.34	9.13	8.89	8.66	8.40	8.14	9.31
08/11/2021 23:40:00	9.32	9.37	9.35	9.36	9.39	9.44	9.47	9.52	9.60	9.66	9.75	9.77	9.79	9.70	9.61	9.40	9.20	8.96	8.73	8.47	8.21	9.32
08/11/2021 23:45:00	9.30	9.27	9.29	9.29	9.30	9.38	9.46	9.53	9.60	9.65	9.74	9.76	9.77	9.69	9.61	9.40	9.20	8.97	8.74	8.49	8.23	9.23
08/11/2021 23:50:00	9.27	9.24	9.19	9.20	9.25	9.34	9.36	9.40	9.46	9.54	9.66	9.69	9.73	9.65	9.57	9.36	9.15	8.91	8.68	8.42	8.16	9.23
08/11/2021 23:55:00	9.25	9.26	9.24	9.26	9.30	9.35	9.44	9.50	9.54	9.63	9.76	9.79	9.83	9.76	9.68	9.47	9.27	9.03	8.80	8.54	8.28	9.23
