FileFormat:0002.2 file with temperature of atmosphere
radiometro padova
local	GMT or Local
0	GMT-Local=[hours]
30	Height[m]
0	0	0	Longitude                [grd]               [min]               [sec]
0	0	0	Latitude                [grd]               [min]               [sec]
N	NS
56.70	Freq[GHz]
0.00	dTemostat[K]
0.250	MessErr[K]
0.248	//[grad/step]
version 5.0.20060711
MTP5HE28F5670K-41.3D060217+A1.1
Commentary:
terrazzo dap pd MTP5HE N25
End Of Commentary

SYSTEM\summer.dat
data time	0	50	100	150	200	250	300	350	400	450	500	550	600	650	700	750	800	850	900	950	1000	OutsideTemperature
07/11/2021 00:00:00	9.45	9.51	9.52	9.57	9.62	9.67	9.71	9.75	9.80	9.86	9.95	9.95	9.96	9.87	9.77	9.55	9.33	9.09	8.84	8.57	8.31	9.45
07/11/2021 00:05:00	9.47	9.48	9.50	9.51	9.54	9.65	9.65	9.68	9.72	9.80	9.90	9.92	9.94	9.85	9.75	9.53	9.31	9.07	8.83	8.56	8.29	9.42
07/11/2021 00:10:00	9.41	9.41	9.40	9.46	9.52	9.50	9.56	9.60	9.63	9.72	9.84	9.87	9.90	9.81	9.72	9.50	9.28	9.03	8.79	8.52	8.25	9.42
07/11/2021 00:15:00	9.34	9.40	9.41	9.43	9.46	9.55	9.62	9.65	9.67	9.75	9.86	9.89	9.92	9.83	9.74	9.53	9.31	9.07	8.82	8.56	8.29	9.33
07/11/2021 00:20:00	9.27	9.41	9.44	9.45	9.47	9.51	9.55	9.58	9.61	9.66	9.74	9.75	9.75	9.65	9.55	9.33	9.11	8.86	8.62	8.36	8.09	9.33
07/11/2021 00:25:00	9.34	9.38	9.45	9.48	9.50	9.57	9.59	9.63	9.69	9.75	9.83	9.83	9.84	9.74	9.64	9.42	9.21	8.96	8.72	8.46	8.19	9.35
07/11/2021 00:30:00	9.34	9.34	9.41	9.47	9.52	9.58	9.61	9.64	9.68	9.74	9.84	9.84	9.85	9.75	9.64	9.42	9.19	8.94	8.69	8.42	8.15	9.29
07/11/2021 00:35:00	9.26	9.33	9.37	9.42	9.45	9.44	9.46	9.50	9.55	9.66	9.80	9.84	9.88	9.80	9.71	9.49	9.26	9.02	8.77	8.50	8.24	9.24
07/11/2021 00:40:00	9.18	9.30	9.30	9.32	9.36	9.40	9.42	9.46	9.52	9.58	9.67	9.69	9.70	9.61	9.52	9.30	9.09	8.85	8.61	8.35	8.09	9.18
07/11/2021 00:45:00	9.20	9.26	9.33	9.36	9.39	9.44	9.42	9.43	9.48	9.56	9.67	9.68	9.69	9.59	9.50	9.27	9.04	8.79	8.54	8.27	8.00	9.17
07/11/2021 00:50:00	9.22	9.37	9.41	9.44	9.47	9.52	9.51	9.53	9.59	9.64	9.72	9.72	9.72	9.61	9.51	9.28	9.06	8.81	8.57	8.30	8.03	9.20
07/11/2021 00:55:00	9.26	9.34	9.35	9.41	9.46	9.47	9.51	9.54	9.57	9.57	9.60	9.57	9.54	9.42	9.29	9.07	8.84	8.60	8.35	8.09	7.82	9.21
07/11/2021 01:00:00	9.31	9.35	9.39	9.42	9.46	9.53	9.52	9.52	9.55	9.62	9.71	9.72	9.72	9.62	9.51	9.28	9.05	8.80	8.55	8.27	8.00	9.30
07/11/2021 01:05:00	9.32	9.33	9.42	9.48	9.52	9.61	9.59	9.62	9.69	9.72	9.78	9.76	9.75	9.64	9.53	9.30	9.08	8.83	8.59	8.32	8.05	9.32
07/11/2021 01:10:00	9.31	9.43	9.49	9.51	9.50	9.52	9.53	9.55	9.58	9.64	9.73	9.74	9.74	9.64	9.54	9.31	9.08	8.83	8.59	8.32	8.05	9.34
07/11/2021 01:15:00	9.27	9.31	9.40	9.45	9.48	9.54	9.62	9.68	9.72	9.74	9.80	9.78	9.77	9.66	9.56	9.34	9.12	8.88	8.64	8.38	8.11	8.96
07/11/2021 01:20:00	9.17	9.35	9.42	9.48	9.53	9.61	9.63	9.67	9.72	9.75	9.81	9.79	9.78	9.67	9.55	9.33	9.10	8.86	8.61	8.34	8.07	8.78
07/11/2021 01:25:00	8.88	8.99	9.11	9.19	9.24	9.28	9.27	9.31	9.38	9.43	9.50	9.49	9.47	9.36	9.25	9.02	8.79	8.55	8.30	8.04	7.77	8.65
07/11/2021 01:30:00	8.69	8.84	8.90	8.98	9.06	9.09	9.17	9.22	9.26	9.28	9.33	9.31	9.29	9.18	9.07	8.85	8.63	8.39	8.15	7.89	7.63	8.65
07/11/2021 01:35:00	8.77	8.86	8.98	9.06	9.10	9.13	9.17	9.24	9.33	9.36	9.43	9.42	9.41	9.30	9.20	8.98	8.77	8.53	8.30	8.04	7.78	8.79
07/11/2021 01:40:00	8.80	8.97	9.09	9.15	9.19	9.24	9.28	9.29	9.29	9.38	9.49	9.51	9.52	9.42	9.32	9.08	8.85	8.60	8.35	8.07	7.80	8.77
07/11/2021 01:45:00	8.80	8.94	8.98	9.06	9.14	9.21	9.27	9.35	9.42	9.43	9.46	9.43	9.40	9.29	9.18	8.97	8.76	8.52	8.29	8.03	7.77	8.75
07/11/2021 01:50:00	8.81	8.88	8.97	9.05	9.11	9.18	9.21	9.27	9.35	9.39	9.47	9.47	9.46	9.36	9.26	9.04	8.82	8.58	8.35	8.08	7.82	8.75
07/11/2021 01:55:00	8.80	8.90	8.96	9.04	9.12	9.19	9.25	9.30	9.35	9.42	9.51	9.52	9.53	9.44	9.34	9.12	8.91	8.66	8.42	8.16	7.90	8.82
07/11/2021 02:00:00	8.90	8.99	9.08	9.11	9.12	9.17	9.18	9.23	9.31	9.40	9.51	9.54	9.57	9.48	9.40	9.18	8.96	8.73	8.49	8.23	7.97	8.89
07/11/2021 02:05:00	8.96	9.04	9.12	9.21	9.30	9.36	9.40	9.45	9.51	9.54	9.60	9.58	9.57	9.46	9.35	9.12	8.90	8.66	8.42	8.15	7.88	9.00
07/11/2021 02:10:00	9.02	9.06	9.17	9.27	9.35	9.40	9.43	9.48	9.55	9.61	9.69	9.69	9.69	9.58	9.48	9.26	9.03	8.79	8.54	8.27	8.00	9.07
07/11/2021 02:15:00	9.04	9.14	9.20	9.26	9.32	9.43	9.38	9.42	9.52	9.56	9.62	9.61	9.60	9.50	9.39	9.17	8.95	8.70	8.46	8.20	7.93	8.99
07/11/2021 02:20:00	8.90	8.97	9.09	9.16	9.22	9.31	9.36	9.42	9.49	9.54	9.61	9.61	9.61	9.50	9.40	9.19	8.97	8.73	8.49	8.23	7.97	8.90
07/11/2021 02:25:00	8.88	8.98	9.09	9.21	9.28	9.25	9.32	9.38	9.45	9.52	9.61	9.62	9.62	9.52	9.42	9.20	8.97	8.73	8.48	8.22	7.95	8.86
07/11/2021 02:30:00	9.02	9.19	9.19	9.26	9.34	9.34	9.38	9.44	9.51	9.59	9.70	9.72	9.74	9.65	9.56	9.35	9.13	8.89	8.65	8.39	8.12	8.97
07/11/2021 02:35:00	8.78	8.91	9.06	9.13	9.15	9.19	9.22	9.26	9.31	9.38	9.48	9.50	9.51	9.41	9.31	9.08	8.86	8.61	8.37	8.10	7.84	8.79
07/11/2021 02:40:00	8.82	8.87	8.98	9.03	9.09	9.21	9.22	9.26	9.33	9.39	9.48	9.49	9.50	9.40	9.30	9.08	8.86	8.62	8.39	8.12	7.86	8.81
07/11/2021 02:45:00	8.80	8.89	8.96	8.99	9.02	9.10	9.13	9.15	9.17	9.26	9.38	9.40	9.43	9.34	9.25	9.02	8.80	8.56	8.31	8.05	7.79	8.77
07/11/2021 02:50:00	8.82	8.92	8.99	9.05	9.07	9.08	9.11	9.13	9.17	9.28	9.42	9.46	9.50	9.42	9.33	9.10	8.87	8.63	8.39	8.12	7.86	8.78
07/11/2021 02:55:00	8.77	8.85	8.95	9.00	9.05	9.12	9.16	9.24	9.34	9.41	9.50	9.52	9.54	9.45	9.36	9.16	8.95	8.71	8.48	8.23	7.97	8.80
07/11/2021 03:00:00	8.74	8.87	8.99	9.06	9.12	9.18	9.18	9.19	9.24	9.33	9.44	9.46	9.47	9.37	9.27	9.04	8.81	8.56	8.31	8.04	7.77	8.76
07/11/2021 03:05:00	8.74	8.89	8.98	9.03	9.06	9.14	9.19	9.26	9.34	9.40	9.49	9.50	9.51	9.42	9.33	9.12	8.91	8.68	8.45	8.20	7.94	8.73
07/11/2021 03:10:00	8.81	8.98	9.07	9.14	9.20	9.27	9.28	9.32	9.39	9.45	9.53	9.54	9.54	9.44	9.34	9.12	8.89	8.65	8.41	8.14	7.88	8.82
07/11/2021 03:15:00	8.89	9.03	9.09	9.12	9.15	9.21	9.25	9.30	9.37	9.45	9.56	9.58	9.60	9.52	9.43	9.21	8.99	8.76	8.52	8.26	8.00	8.83
07/11/2021 03:20:00	8.88	8.89	9.05	9.16	9.22	9.26	9.31	9.37	9.44	9.48	9.54	9.53	9.51	9.40	9.29	9.06	8.84	8.60	8.35	8.09	7.82	8.84
07/11/2021 03:25:00	8.90	9.02	9.12	9.20	9.27	9.34	9.38	9.41	9.45	9.51	9.59	9.59	9.59	9.48	9.38	9.15	8.92	8.67	8.43	8.16	7.89	8.86
07/11/2021 03:30:00	8.93	9.00	9.13	9.18	9.21	9.32	9.32	9.36	9.43	9.49	9.58	9.59	9.60	9.49	9.39	9.17	8.95	8.71	8.46	8.20	7.93	8.96
07/11/2021 03:35:00	9.05	9.18	9.23	9.30	9.39	9.47	9.49	9.54	9.59	9.65	9.74	9.74	9.75	9.64	9.54	9.32	9.09	8.85	8.60	8.33	8.06	9.06
07/11/2021 03:40:00	9.10	9.14	9.29	9.35	9.36	9.39	9.48	9.55	9.62	9.66	9.73	9.73	9.73	9.63	9.53	9.31	9.10	8.86	8.62	8.36	8.10	9.15
07/11/2021 03:45:00	9.11	9.15	9.29	9.35	9.37	9.47	9.52	9.57	9.63	9.64	9.67	9.64	9.60	9.49	9.37	9.15	8.93	8.69	8.45	8.18	7.92	9.15
07/11/2021 03:50:00	9.17	9.15	9.25	9.33	9.40	9.48	9.51	9.58	9.68	9.77	9.88	9.91	9.94	9.85	9.77	9.56	9.34	9.10	8.86	8.60	8.33	9.19
07/11/2021 03:55:00	9.10	9.19	9.22	9.28	9.36	9.47	9.52	9.56	9.59	9.66	9.76	9.77	9.79	9.69	9.60	9.38	9.15	8.91	8.66	8.39	8.12	9.04
07/11/2021 04:00:00	9.00	9.09	9.22	9.27	9.30	9.38	9.42	9.48	9.56	9.61	9.69	9.69	9.70	9.60	9.50	9.28	9.07	8.83	8.59	8.33	8.07	9.00
07/11/2021 04:05:00	8.96	9.00	9.12	9.18	9.20	9.26	9.28	9.31	9.35	9.46	9.61	9.65	9.69	9.61	9.52	9.29	9.07	8.82	8.57	8.30	8.03	8.97
07/11/2021 04:10:00	8.98	9.00	9.07	9.10	9.12	9.20	9.26	9.31	9.36	9.48	9.62	9.67	9.72	9.65	9.58	9.36	9.15	8.91	8.67	8.41	8.15	8.90
07/11/2021 04:15:00	8.96	8.97	9.02	9.08	9.14	9.18	9.27	9.35	9.43	9.47	9.54	9.55	9.55	9.45	9.36	9.15	8.95	8.72	8.49	8.24	7.98	8.97
07/11/2021 04:20:00	8.99	9.00	9.14	9.23	9.27	9.30	9.36	9.41	9.46	9.53	9.62	9.63	9.64	9.54	9.44	9.21	8.99	8.74	8.50	8.23	7.97	8.97
07/11/2021 04:25:00	8.89	8.88	9.00	9.05	9.08	9.11	9.19	9.26	9.31	9.37	9.46	9.46	9.47	9.38	9.28	9.07	8.85	8.62	8.38	8.13	7.87	8.89
07/11/2021 04:30:00	8.81	8.85	8.94	8.99	9.02	9.03	9.12	9.20	9.27	9.34	9.44	9.46	9.47	9.39	9.30	9.09	8.88	8.65	8.42	8.16	7.91	8.83
07/11/2021 04:35:00	8.84	8.85	8.92	9.01	9.09	9.15	9.26	9.34	9.38	9.38	9.40	9.36	9.33	9.21	9.09	8.88	8.67	8.44	8.20	7.94	7.68	8.87
07/11/2021 04:40:00	8.88	8.97	9.01	9.07	9.15	9.23	9.28	9.35	9.43	9.48	9.56	9.56	9.57	9.47	9.38	9.17	8.96	8.73	8.49	8.24	7.98	8.93
07/11/2021 04:45:00	8.96	8.99	9.04	9.08	9.12	9.19	9.22	9.25	9.29	9.36	9.47	9.48	9.50	9.40	9.31	9.08	8.86	8.62	8.38	8.11	7.85	8.88
07/11/2021 04:50:00	8.87	9.00	9.14	9.22	9.28	9.36	9.36	9.39	9.44	9.49	9.56	9.55	9.54	9.43	9.31	9.08	8.85	8.60	8.36	8.09	7.81	8.81
07/11/2021 04:55:00	8.73	8.96	9.06	9.12	9.17	9.22	9.28	9.33	9.39	9.44	9.52	9.53	9.53	9.43	9.33	9.11	8.89	8.65	8.41	8.15	7.89	8.81
07/11/2021 05:00:00	8.82	8.94	9.00	9.07	9.13	9.19	9.25	9.33	9.42	9.47	9.55	9.56	9.57	9.47	9.38	9.17	8.96	8.73	8.50	8.25	7.99	8.82
07/11/2021 05:05:00	8.80	8.94	9.03	9.10	9.15	9.16	9.22	9.30	9.39	9.43	9.50	9.50	9.50	9.41	9.31	9.10	8.88	8.65	8.42	8.16	7.91	8.77
07/11/2021 05:10:00	8.82	8.85	8.89	8.96	9.04	9.13	9.20	9.25	9.29	9.38	9.50	9.52	9.55	9.46	9.38	9.16	8.95	8.71	8.47	8.21	7.94	8.82
07/11/2021 05:15:00	8.81	8.87	8.93	9.01	9.08	9.13	9.18	9.21	9.24	9.38	9.55	9.60	9.66	9.59	9.51	9.28	9.06	8.82	8.57	8.30	8.03	8.80
07/11/2021 05:20:00	8.79	8.84	8.94	9.00	9.05	9.10	9.18	9.24	9.29	9.37	9.48	9.51	9.53	9.44	9.35	9.13	8.92	8.68	8.44	8.18	7.92	8.65
07/11/2021 05:25:00	8.59	8.70	8.78	8.85	8.92	9.02	9.09	9.17	9.24	9.28	9.34	9.34	9.33	9.23	9.13	8.93	8.72	8.49	8.26	8.00	7.75	8.62
07/11/2021 05:30:00	8.55	8.69	8.76	8.82	8.89	8.96	9.00	9.07	9.16	9.23	9.34	9.37	9.39	9.30	9.22	9.01	8.80	8.56	8.33	8.08	7.82	8.50
07/11/2021 05:35:00	8.57	8.64	8.68	8.79	8.91	9.02	9.13	9.22	9.28	9.33	9.40	9.41	9.41	9.32	9.22	9.02	8.81	8.58	8.35	8.09	7.83	8.56
07/11/2021 05:40:00	8.51	8.64	8.77	8.88	8.95	9.01	9.06	9.14	9.22	9.25	9.30	9.29	9.27	9.17	9.06	8.84	8.63	8.39	8.16	7.90	7.64	8.50
07/11/2021 05:45:00	8.57	8.65	8.71	8.77	8.86	9.00	9.08	9.14	9.19	9.28	9.40	9.44	9.47	9.39	9.31	9.10	8.89	8.66	8.43	8.17	7.91	8.58
07/11/2021 05:50:00	8.70	8.75	8.95	9.05	9.08	9.12	9.18	9.21	9.24	9.36	9.51	9.55	9.59	9.50	9.41	9.18	8.94	8.69	8.44	8.17	7.90	8.67
07/11/2021 05:55:00	8.61	8.84	8.91	8.97	9.03	9.11	9.17	9.25	9.33	9.38	9.47	9.48	9.49	9.40	9.31	9.10	8.89	8.66	8.43	8.17	7.92	8.72
07/11/2021 06:00:00	8.83	8.92	9.02	9.07	9.11	9.20	9.30	9.38	9.43	9.52	9.63	9.66	9.69	9.61	9.53	9.32	9.12	8.88	8.65	8.39	8.14	8.80
07/11/2021 06:05:00	8.96	9.04	9.09	9.16	9.23	9.26	9.35	9.44	9.52	9.62	9.74	9.78	9.82	9.74	9.67	9.46	9.25	9.02	8.79	8.53	8.27	8.98
07/11/2021 06:10:00	9.08	9.30	9.26	9.30	9.35	9.34	9.36	9.37	9.39	9.54	9.73	9.80	9.87	9.80	9.73	9.50	9.27	9.02	8.77	8.50	8.23	9.13
07/11/2021 06:15:00	9.26	9.26	9.32	9.39	9.46	9.54	9.57	9.62	9.69	9.73	9.79	9.78	9.77	9.67	9.56	9.34	9.12	8.88	8.64	8.37	8.10	9.25
07/11/2021 06:20:00	9.33	9.28	9.44	9.54	9.59	9.66	9.67	9.68	9.70	9.81	9.94	9.96	9.98	9.88	9.78	9.54	9.30	9.04	8.78	8.49	8.21	9.27
07/11/2021 06:25:00	9.13	9.28	9.36	9.42	9.45	9.47	9.47	9.51	9.60	9.70	9.84	9.88	9.91	9.83	9.75	9.53	9.31	9.06	8.82	8.55	8.29	9.02
07/11/2021 06:30:00	9.26	9.22	9.27	9.31	9.38	9.52	9.57	9.67	9.81	9.87	9.96	9.98	10.01	9.93	9.85	9.66	9.46	9.23	9.00	8.75	8.49	9.00
07/11/2021 06:35:00	8.91	8.98	9.11	9.21	9.29	9.33	9.44	9.52	9.58	9.69	9.82	9.87	9.91	9.83	9.75	9.54	9.32	9.08	8.84	8.58	8.31	9.07
07/11/2021 06:40:00	8.97	9.01	9.06	9.13	9.22	9.36	9.37	9.43	9.54	9.66	9.82	9.88	9.94	9.87	9.80	9.59	9.38	9.14	8.90	8.64	8.37	8.93
07/11/2021 06:45:00	9.05	9.04	9.13	9.24	9.34	9.39	9.45	9.51	9.58	9.72	9.89	9.95	10.02	9.94	9.87	9.65	9.43	9.18	8.93	8.66	8.39	8.79
07/11/2021 06:50:00	8.71	8.81	8.89	8.94	8.96	8.96	9.04	9.12	9.21	9.30	9.42	9.46	9.49	9.42	9.34	9.13	8.92	8.70	8.47	8.22	7.97	8.55
07/11/2021 06:55:00	8.63	8.73	8.74	8.76	8.81	8.92	9.01	9.05	9.08	9.21	9.38	9.45	9.51	9.45	9.39	9.18	8.97	8.73	8.50	8.24	7.99	8.66
07/11/2021 07:00:00	8.64	8.62	8.65	8.74	8.87	8.99	9.04	9.11	9.20	9.30	9.43	9.47	9.50	9.43	9.35	9.14	8.93	8.70	8.47	8.21	7.95	8.64
07/11/2021 07:05:00	8.88	8.80	8.85	8.90	8.96	9.08	9.10	9.15	9.21	9.33	9.48	9.52	9.57	9.49	9.42	9.20	8.99	8.75	8.51	8.25	7.99	8.75
07/11/2021 07:10:00	8.82	8.89	9.00	9.04	9.05	9.11	9.13	9.17	9.26	9.47	9.71	9.83	9.94	9.90	9.86	9.64	9.43	9.19	8.95	8.69	8.43	8.83
07/11/2021 07:15:00	8.83	8.95	9.03	9.14	9.21	9.17	9.29	9.39	9.46	9.49	9.54	9.53	9.51	9.41	9.30	9.09	8.88	8.65	8.42	8.16	7.90	8.82
07/11/2021 07:20:00	8.89	8.93	8.98	9.07	9.19	9.30	9.34	9.47	9.65	9.71	9.80	9.82	9.85	9.77	9.70	9.51	9.31	9.09	8.87	8.62	8.37	8.83
07/11/2021 07:25:00	8.78	8.86	9.09	9.24	9.31	9.31	9.60	9.77	9.85	9.88	9.94	9.95	9.95	9.86	9.78	9.59	9.39	9.17	8.95	8.70	8.44	8.77
07/11/2021 07:30:00	8.74	9.07	9.41	9.42	9.33	9.48	9.56	9.43	9.20	9.43	9.68	9.76	9.84	9.75	9.65	9.37	9.09	8.80	8.51	8.20	7.89	8.88
07/11/2021 07:35:00	9.28	8.91	9.20	9.28	9.30	9.49	9.65	9.67	9.58	9.63	9.69	9.65	9.62	9.50	9.37	9.13	8.89	8.63	8.37	8.08	7.79	9.01
07/11/2021 07:40:00	9.20	9.06	9.22	9.20	9.24	9.66	9.45	9.50	9.73	9.73	9.76	9.73	9.71	9.61	9.51	9.31	9.12	8.89	8.67	8.41	8.16	9.12
07/11/2021 07:45:00	9.00	9.20	9.22	9.28	9.32	9.29	9.40	9.46	9.51	9.64	9.80	9.87	9.93	9.87	9.80	9.59	9.37	9.14	8.90	8.64	8.38	9.20
07/11/2021 07:50:00	9.16	9.52	9.47	9.51	9.60	9.71	9.72	9.70	9.68	9.75	9.85	9.87	9.88	9.78	9.67	9.44	9.20	8.95	8.69	8.41	8.13	9.30
07/11/2021 07:55:00	9.35	9.81	9.75	9.77	9.82	9.83	9.87	9.96	10.10	10.14	10.22	10.25	10.27	10.20	10.12	9.92	9.72	9.49	9.26	9.01	8.76	9.50
07/11/2021 08:00:00	9.44	9.56	9.54	9.67	9.83	9.85	10.02	10.09	10.08	10.13	10.20	10.19	10.19	10.08	9.98	9.76	9.54	9.28	9.03	8.75	8.47	9.62
07/11/2021 08:05:00	9.66	9.89	9.94	9.91	9.94	10.27	10.16	10.09	10.09	10.24	10.42	10.49	10.55	10.47	10.39	10.15	9.90	9.64	9.37	9.08	8.78	9.82
07/11/2021 08:10:00	9.51	9.48	9.60	9.52	9.42	9.58	9.52	9.60	9.79	9.79	9.83	9.82	9.81	9.73	9.64	9.45	9.26	9.04	8.83	8.59	8.35	9.88
07/11/2021 08:15:00	9.78	9.70	9.86	9.75	9.65	10.06	10.24	10.30	10.26	10.42	10.61	10.71	10.80	10.76	10.72	10.53	10.33	10.10	9.86	9.59	9.32	9.97
07/11/2021 08:20:00	10.10	10.13	9.85	9.97	10.18	10.02	10.03	10.20	10.50	10.45	10.44	10.40	10.37	10.27	10.17	9.99	9.81	9.60	9.38	9.14	8.89	9.98
07/11/2021 08:25:00	10.34	9.81	9.91	9.96	10.02	10.18	10.43	10.54	10.50	10.56	10.64	10.65	10.66	10.57	10.48	10.28	10.08	9.83	9.59	9.31	9.03	10.15
07/11/2021 08:30:00	10.07	10.21	10.06	10.17	10.35	10.29	10.44	10.55	10.63	10.70	10.81	10.84	10.88	10.80	10.72	10.52	10.31	10.07	9.82	9.55	9.27	10.22
07/11/2021 08:35:00	9.90	10.28	10.38	10.32	10.22	10.24	10.17	10.08	10.02	10.32	10.65	10.81	10.98	10.94	10.90	10.63	10.37	10.09	9.81	9.51	9.22	10.27
07/11/2021 08:40:00	10.08	10.36	10.38	10.28	10.18	10.31	10.46	10.51	10.44	10.44	10.48	10.46	10.45	10.34	10.23	10.02	9.80	9.56	9.31	9.04	8.77	10.30
07/11/2021 08:45:00	10.26	10.11	10.23	10.37	10.47	10.44	10.51	10.57	10.62	10.63	10.66	10.62	10.58	10.44	10.31	10.08	9.84	9.57	9.31	9.02	8.72	10.20
07/11/2021 08:50:00	10.06	9.32	9.81	10.09	10.26	10.50	10.59	10.74	10.92	10.96	11.01	10.98	10.95	10.84	10.73	10.51	10.30	10.04	9.79	9.49	9.19	9.87
07/11/2021 08:55:00	9.99	10.00	10.03	10.07	10.13	10.21	10.27	10.30	10.31	10.44	10.60	10.66	10.71	10.63	10.56	10.33	10.10	9.84	9.58	9.29	9.00	9.52
07/11/2021 09:00:00	9.96	9.84	10.14	10.20	10.19	10.32	10.34	10.41	10.54	10.61	10.70	10.72	10.73	10.63	10.54	10.32	10.09	9.84	9.59	9.31	9.03	9.64
07/11/2021 09:05:00	9.95	9.92	9.98	10.05	10.09	10.04	10.09	10.10	10.09	10.38	10.70	10.87	11.03	11.00	10.97	10.72	10.48	10.21	9.94	9.65	9.36	9.71
07/11/2021 09:10:00	9.81	9.77	9.84	9.84	9.82	9.87	9.88	9.97	10.14	10.24	10.39	10.44	10.50	10.44	10.38	10.18	9.98	9.75	9.52	9.26	9.00	9.79
07/11/2021 09:15:00	9.79	9.71	9.86	9.81	9.71	9.83	9.94	9.95	9.89	9.96	10.06	10.07	10.08	9.99	9.89	9.67	9.44	9.20	8.95	8.67	8.40	9.96
07/11/2021 09:20:00	9.65	9.79	9.82	9.91	9.97	9.90	9.92	9.91	9.90	10.15	10.43	10.56	10.68	10.63	10.58	10.33	10.08	9.81	9.54	9.24	8.95	10.18
07/11/2021 09:25:00	9.74	9.66	9.65	9.79	9.95	9.96	10.06	10.24	10.46	10.50	10.57	10.58	10.60	10.52	10.45	10.26	10.08	9.85	9.63	9.37	9.11	10.02
07/11/2021 09:30:00	10.01	9.93	10.01	10.20	10.35	10.22	10.34	10.45	10.57	10.61	10.67	10.66	10.65	10.54	10.43	10.21	9.99	9.73	9.48	9.20	8.91	10.23
07/11/2021 09:35:00	9.91	10.07	10.13	10.12	10.08	10.11	10.10	10.14	10.23	10.34	10.47	10.52	10.56	10.48	10.40	10.18	9.95	9.70	9.45	9.18	8.91	10.05
07/11/2021 09:40:00	10.07	9.94	9.89	9.84	9.84	9.98	10.08	10.19	10.31	10.42	10.57	10.65	10.72	10.67	10.62	10.44	10.25	10.03	9.80	9.54	9.29	10.02
07/11/2021 09:45:00	9.97	9.98	9.93	9.90	9.90	9.96	9.98	10.06	10.20	10.21	10.26	10.25	10.25	10.16	10.07	9.87	9.68	9.45	9.22	8.97	8.72	10.20
07/11/2021 09:50:00	9.86	9.87	9.94	9.98	10.01	10.11	10.15	10.22	10.32	10.42	10.56	10.61	10.66	10.59	10.52	10.30	10.09	9.85	9.60	9.33	9.06	10.38
07/11/2021 09:55:00	9.68	9.71	9.77	9.85	9.92	9.91	9.98	10.05	10.13	10.20	10.29	10.30	10.31	10.22	10.13	9.91	9.69	9.44	9.20	8.92	8.65	10.35
07/11/2021 10:00:00	9.75	9.66	9.61	9.63	9.68	9.70	9.77	9.81	9.84	10.05	10.30	10.42	10.53	10.50	10.46	10.24	10.02	9.78	9.53	9.26	8.99	10.52
07/11/2021 10:05:00	9.66	9.65	9.64	9.60	9.58	9.61	9.62	9.67	9.76	9.86	9.99	10.04	10.09	10.02	9.95	9.75	9.54	9.31	9.08	8.82	8.56	10.43
07/11/2021 10:10:00	9.55	9.51	9.54	9.52	9.51	9.59	9.64	9.67	9.69	9.82	9.99	10.05	10.12	10.05	9.98	9.76	9.55	9.30	9.06	8.79	8.52	10.62
07/11/2021 10:15:00	9.54	9.50	9.44	9.41	9.42	9.49	9.57	9.63	9.66	9.74	9.86	9.90	9.94	9.86	9.79	9.59	9.38	9.15	8.92	8.66	8.41	10.59
07/11/2021 10:20:00	9.39	9.27	9.24	9.26	9.29	9.30	9.39	9.44	9.47	9.60	9.76	9.82	9.88	9.81	9.75	9.54	9.33	9.09	8.85	8.59	8.33	10.77
07/11/2021 10:25:00	9.23	9.08	9.04	9.01	9.02	9.10	9.15	9.19	9.23	9.31	9.42	9.45	9.48	9.40	9.32	9.11	8.90	8.67	8.44	8.19	7.93	10.97
07/11/2021 10:30:00	9.13	8.99	8.94	8.91	8.91	8.99	8.99	9.02	9.08	9.18	9.32	9.37	9.42	9.35	9.28	9.07	8.86	8.63	8.41	8.15	7.90	11.42
07/11/2021 10:35:00	9.05	8.94	8.89	8.87	8.87	8.90	8.93	8.97	9.02	9.07	9.16	9.17	9.18	9.09	9.00	8.79	8.58	8.36	8.13	7.88	7.63	11.48
07/11/2021 10:40:00	9.14	8.97	8.88	8.85	8.86	8.90	8.91	8.95	9.01	9.09	9.20	9.23	9.26	9.18	9.10	8.90	8.69	8.47	8.24	7.99	7.74	11.63
07/11/2021 10:45:00	9.14	9.00	8.97	8.93	8.88	8.88	8.95	9.01	9.09	9.12	9.20	9.21	9.22	9.14	9.05	8.85	8.66	8.44	8.22	7.98	7.74	11.88
07/11/2021 10:50:00	9.20	9.05	8.98	8.95	8.96	9.01	9.01	9.04	9.11	9.16	9.24	9.26	9.27	9.18	9.09	8.88	8.68	8.45	8.22	7.97	7.72	12.22
07/11/2021 10:55:00	9.23	9.09	8.98	8.95	8.97	9.02	9.03	9.05	9.08	9.16	9.27	9.29	9.32	9.24	9.15	8.94	8.73	8.50	8.27	8.02	7.76	12.07
07/11/2021 11:00:00	9.29	9.15	9.07	9.01	8.99	8.99	9.03	9.08	9.14	9.18	9.25	9.25	9.26	9.17	9.08	8.88	8.68	8.46	8.24	7.99	7.75	12.31
07/11/2021 11:05:00	9.28	9.16	9.07	9.02	8.99	9.00	9.03	9.06	9.11	9.20	9.33	9.38	9.42	9.35	9.28	9.08	8.87	8.65	8.42	8.17	7.93	12.28
07/11/2021 11:10:00	9.34	9.12	9.05	9.00	8.97	8.98	8.99	9.06	9.17	9.25	9.37	9.41	9.45	9.39	9.32	9.13	8.94	8.72	8.50	8.26	8.02	12.24
07/11/2021 11:15:00	9.43	9.15	9.08	9.03	9.01	9.04	9.06	9.10	9.15	9.24	9.37	9.41	9.45	9.38	9.31	9.10	8.90	8.67	8.45	8.20	7.95	12.52
07/11/2021 11:20:00	9.43	9.21	9.05	8.98	8.96	8.95	9.00	9.04	9.08	9.16	9.28	9.33	9.37	9.30	9.23	9.04	8.84	8.62	8.40	8.15	7.91	13.12
07/11/2021 11:25:00	9.47	9.24	9.10	9.00	8.95	8.97	8.99	9.02	9.08	9.16	9.29	9.33	9.38	9.31	9.25	9.05	8.85	8.63	8.41	8.17	7.93	13.07
07/11/2021 11:30:00	9.43	9.24	9.07	8.97	8.93	8.91	8.96	8.99	9.02	9.08	9.19	9.22	9.25	9.18	9.10	8.90	8.70	8.48	8.26	8.02	7.78	13.14
07/11/2021 11:35:00	9.71	9.52	9.39	9.31	9.27	9.26	9.27	9.31	9.38	9.45	9.56	9.60	9.63	9.56	9.49	9.29	9.09	8.86	8.64	8.39	8.14	13.12
07/11/2021 11:40:00	9.79	9.50	9.34	9.24	9.20	9.23	9.28	9.32	9.35	9.44	9.57	9.62	9.67	9.61	9.54	9.35	9.15	8.93	8.70	8.45	8.20	13.63
07/11/2021 11:45:00	9.81	9.55	9.37	9.26	9.20	9.17	9.18	9.21	9.24	9.34	9.47	9.52	9.57	9.51	9.44	9.24	9.04	8.81	8.59	8.34	8.09	13.81
07/11/2021 11:50:00	9.84	9.62	9.41	9.28	9.22	9.21	9.21	9.24	9.32	9.43	9.58	9.65	9.72	9.67	9.61	9.42	9.23	9.01	8.79	8.55	8.31	13.83
07/11/2021 11:55:00	9.85	9.63	9.51	9.43	9.39	9.37	9.36	9.38	9.44	9.48	9.56	9.57	9.58	9.49	9.40	9.19	8.98	8.75	8.52	8.27	8.01	13.70
07/11/2021 12:00:00	9.88	9.68	9.51	9.39	9.32	9.33	9.36	9.39	9.44	9.50	9.60	9.63	9.66	9.59	9.52	9.32	9.12	8.90	8.68	8.43	8.18	13.54
07/11/2021 12:05:00	9.90	9.73	9.50	9.36	9.30	9.30	9.33	9.34	9.36	9.47	9.62	9.69	9.75	9.70	9.64	9.44	9.24	9.01	8.79	8.54	8.29	13.17
07/11/2021 12:10:00	9.95	9.67	9.52	9.41	9.36	9.37	9.37	9.41	9.48	9.58	9.73	9.79	9.85	9.79	9.73	9.53	9.34	9.11	8.89	8.64	8.39	13.38
07/11/2021 12:15:00	9.89	9.68	9.52	9.42	9.37	9.37	9.41	9.45	9.49	9.57	9.70	9.75	9.80	9.73	9.66	9.47	9.27	9.04	8.82	8.57	8.32	13.53
07/11/2021 12:20:00	9.91	9.69	9.54	9.45	9.41	9.37	9.44	9.50	9.55	9.62	9.74	9.78	9.83	9.76	9.69	9.50	9.30	9.08	8.86	8.61	8.36	13.29
07/11/2021 12:25:00	9.98	9.78	9.58	9.46	9.39	9.39	9.38	9.41	9.48	9.57	9.70	9.76	9.81	9.75	9.69	9.49	9.30	9.08	8.85	8.61	8.36	13.47
07/11/2021 12:30:00	9.99	9.77	9.62	9.48	9.38	9.37	9.44	9.47	9.49	9.55	9.65	9.68	9.71	9.64	9.56	9.37	9.17	8.95	8.72	8.48	8.23	13.70
07/11/2021 12:35:00	10.05	9.80	9.64	9.53	9.48	9.48	9.47	9.50	9.58	9.63	9.73	9.75	9.78	9.70	9.62	9.42	9.22	9.00	8.77	8.52	8.28	13.09
07/11/2021 12:40:00	10.12	9.87	9.69	9.60	9.56	9.51	9.49	9.50	9.56	9.64	9.75	9.78	9.82	9.74	9.66	9.45	9.24	9.01	8.78	8.53	8.27	13.34
07/11/2021 12:45:00	10.19	9.90	9.72	9.59	9.49	9.45	9.49	9.53	9.55	9.66	9.81	9.87	9.94	9.88	9.82	9.62	9.43	9.20	8.97	8.72	8.47	13.64
07/11/2021 12:50:00	10.17	9.85	9.70	9.62	9.58	9.53	9.55	9.57	9.60	9.70	9.84	9.89	9.94	9.87	9.80	9.59	9.38	9.15	8.92	8.66	8.40	13.24
07/11/2021 12:55:00	10.20	9.95	9.76	9.64	9.58	9.58	9.57	9.61	9.70	9.76	9.86	9.90	9.93	9.86	9.79	9.60	9.40	9.18	8.96	8.71	8.46	14.05
07/11/2021 13:00:00	10.24	9.95	9.74	9.61	9.54	9.50	9.50	9.50	9.53	9.68	9.88	9.97	10.06	10.02	9.97	9.76	9.56	9.33	9.09	8.84	8.58	14.50
07/11/2021 13:05:00	10.21	9.90	9.77	9.65	9.59	9.65	9.63	9.66	9.72	9.83	9.98	10.05	10.11	10.05	9.99	9.79	9.59	9.36	9.13	8.87	8.62	14.11
07/11/2021 13:10:00	10.19	9.91	9.81	9.72	9.66	9.69	9.68	9.68	9.68	9.77	9.91	9.95	9.99	9.91	9.83	9.62	9.40	9.16	8.92	8.65	8.38	13.90
07/11/2021 13:15:00	10.23	9.97	9.86	9.76	9.69	9.65	9.60	9.61	9.70	9.79	9.93	9.97	10.02	9.95	9.88	9.67	9.46	9.22	8.99	8.73	8.48	13.83
07/11/2021 13:20:00	10.22	10.05	9.85	9.73	9.66	9.65	9.64	9.65	9.68	9.81	9.98	10.05	10.13	10.07	10.01	9.81	9.60	9.36	9.13	8.87	8.62	13.78
07/11/2021 13:25:00	10.25	10.02	9.89	9.78	9.69	9.68	9.71	9.74	9.77	9.84	9.95	9.98	10.02	9.94	9.87	9.67	9.46	9.23	9.00	8.75	8.50	13.80
07/11/2021 13:30:00	10.30	10.08	9.90	9.76	9.66	9.63	9.69	9.73	9.76	9.84	9.98	10.04	10.09	10.03	9.97	9.77	9.58	9.35	9.13	8.88	8.63	13.78
07/11/2021 13:35:00	10.31	10.04	9.91	9.80	9.73	9.72	9.78	9.82	9.85	9.94	10.06	10.11	10.16	10.09	10.02	9.82	9.62	9.39	9.16	8.90	8.64	13.77
07/11/2021 13:40:00	10.32	10.11	9.96	9.81	9.70	9.66	9.68	9.72	9.78	9.88	10.04	10.11	10.18	10.12	10.07	9.87	9.67	9.45	9.22	8.97	8.73	13.99
07/11/2021 13:45:00	10.34	10.12	9.95	9.87	9.82	9.77	9.82	9.87	9.94	10.01	10.12	10.15	10.19	10.12	10.05	9.86	9.66	9.43	9.20	8.95	8.70	13.71
07/11/2021 13:50:00	10.35	10.15	9.94	9.84	9.80	9.80	9.79	9.82	9.89	9.99	10.14	10.20	10.26	10.20	10.14	9.93	9.73	9.50	9.27	9.02	8.76	13.72
07/11/2021 13:55:00	10.44	10.10	9.96	9.83	9.77	9.82	9.80	9.84	9.94	10.05	10.20	10.27	10.34	10.29	10.24	10.04	9.85	9.62	9.40	9.14	8.89	13.90
07/11/2021 14:00:00	10.44	10.16	9.98	9.89	9.87	9.89	9.87	9.89	9.95	10.09	10.27	10.35	10.43	10.38	10.33	10.12	9.92	9.68	9.44	9.18	8.92	14.39
07/11/2021 14:05:00	10.51	10.16	10.04	9.95	9.91	9.90	9.95	9.99	10.03	10.18	10.37	10.45	10.54	10.49	10.45	10.24	10.04	9.80	9.57	9.31	9.04	14.79
07/11/2021 14:10:00	10.62	10.26	10.06	9.94	9.89	9.91	9.92	9.95	10.01	10.10	10.24	10.30	10.35	10.29	10.23	10.03	9.83	9.60	9.37	9.11	8.85	14.95
07/11/2021 14:15:00	10.48	10.22	10.06	9.95	9.89	9.92	9.91	9.94	10.02	10.14	10.31	10.38	10.45	10.40	10.35	10.15	9.95	9.71	9.48	9.22	8.97	14.10
07/11/2021 14:20:00	10.47	10.24	10.11	10.00	9.92	9.92	9.91	9.94	10.03	10.14	10.30	10.37	10.43	10.38	10.32	10.12	9.92	9.69	9.45	9.20	8.94	13.61
07/11/2021 14:25:00	10.75	10.54	10.39	10.32	10.30	10.32	10.31	10.34	10.40	10.48	10.60	10.64	10.67	10.60	10.52	10.31	10.10	9.86	9.62	9.34	9.07	13.67
07/11/2021 14:30:00	10.72	10.55	10.39	10.30	10.27	10.23	10.27	10.31	10.35	10.46	10.61	10.67	10.73	10.67	10.61	10.40	10.19	9.96	9.72	9.45	9.18	13.64
07/11/2021 14:35:00	10.68	10.52	10.37	10.29	10.27	10.27	10.28	10.34	10.45	10.52	10.64	10.69	10.74	10.67	10.61	10.41	10.21	9.98	9.75	9.49	9.23	13.71
07/11/2021 14:40:00	10.71	10.47	10.27	10.19	10.19	10.22	10.23	10.29	10.40	10.53	10.71	10.80	10.89	10.85	10.81	10.61	10.42	10.18	9.95	9.69	9.43	13.76
07/11/2021 14:45:00	10.75	10.49	10.36	10.25	10.17	10.18	10.18	10.20	10.23	10.37	10.56	10.64	10.72	10.67	10.62	10.41	10.19	9.95	9.71	9.44	9.18	13.76
07/11/2021 14:50:00	10.99	10.75	10.62	10.53	10.48	10.51	10.51	10.55	10.65	10.76	10.92	10.99	11.06	11.01	10.95	10.75	10.55	10.31	10.07	9.81	9.54	13.75
07/11/2021 14:55:00	10.94	10.80	10.67	10.59	10.55	10.52	10.54	10.56	10.59	10.71	10.87	10.94	11.01	10.95	10.88	10.67	10.45	10.20	9.95	9.67	9.39	13.50
07/11/2021 15:00:00	10.99	10.75	10.62	10.52	10.46	10.49	10.50	10.53	10.58	10.74	10.94	11.04	11.14	11.10	11.06	10.85	10.64	10.40	10.15	9.88	9.61	13.69
07/11/2021 15:05:00	10.98	10.80	10.68	10.59	10.54	10.56	10.57	10.62	10.71	10.78	10.89	10.93	10.97	10.90	10.83	10.63	10.42	10.18	9.94	9.68	9.41	13.40
07/11/2021 15:10:00	10.93	10.77	10.61	10.50	10.45	10.49	10.47	10.50	10.58	10.71	10.88	10.96	11.03	10.98	10.93	10.72	10.52	10.28	10.04	9.77	9.50	13.13
07/11/2021 15:15:00	10.91	10.83	10.62	10.49	10.43	10.47	10.50	10.54	10.60	10.70	10.84	10.91	10.97	10.91	10.86	10.66	10.46	10.22	9.99	9.72	9.46	12.94
07/11/2021 15:20:00	10.86	10.79	10.64	10.54	10.48	10.45	10.45	10.48	10.54	10.64	10.79	10.85	10.91	10.85	10.79	10.58	10.37	10.12	9.88	9.61	9.34	13.12
07/11/2021 15:25:00	10.90	10.77	10.61	10.51	10.45	10.45	10.46	10.49	10.55	10.68	10.85	10.93	11.00	10.95	10.90	10.69	10.48	10.24	10.00	9.73	9.46	12.85
07/11/2021 15:30:00	10.97	10.73	10.58	10.50	10.48	10.51	10.51	10.54	10.61	10.74	10.92	11.00	11.08	11.02	10.97	10.76	10.55	10.31	10.06	9.79	9.52	13.17
07/11/2021 15:35:00	10.92	10.79	10.62	10.53	10.50	10.49	10.52	10.56	10.59	10.74	10.94	11.03	11.12	11.08	11.03	10.82	10.61	10.37	10.12	9.85	9.58	13.63
07/11/2021 15:40:00	10.99	10.75	10.58	10.49	10.46	10.45	10.51	10.58	10.68	10.77	10.92	10.98	11.05	11.00	10.95	10.75	10.56	10.33	10.10	9.83	9.57	13.89
07/11/2021 15:45:00	10.93	10.79	10.65	10.54	10.48	10.52	10.52	10.56	10.63	10.74	10.90	10.97	11.03	10.98	10.92	10.72	10.51	10.27	10.03	9.76	9.50	13.67
07/11/2021 15:50:00	11.25	11.02	10.90	10.82	10.78	10.78	10.82	10.86	10.92	11.04	11.20	11.27	11.34	11.28	11.22	11.02	10.81	10.56	10.31	10.04	9.76	13.55
07/11/2021 15:55:00	11.20	11.05	10.95	10.85	10.79	10.83	10.86	10.89	10.93	11.07	11.27	11.36	11.44	11.39	11.34	11.13	10.92	10.67	10.42	10.14	9.86	13.43
07/11/2021 16:00:00	11.14	11.04	10.94	10.89	10.88	10.90	10.91	10.96	11.06	11.16	11.31	11.38	11.44	11.38	11.31	11.10	10.89	10.65	10.40	10.12	9.84	13.25
07/11/2021 16:05:00	11.15	11.07	10.96	10.88	10.82	10.76	10.81	10.86	10.92	11.07	11.26	11.36	11.45	11.40	11.36	11.14	10.93	10.69	10.44	10.16	9.89	12.86
07/11/2021 16:10:00	11.41	11.30	11.17	11.09	11.06	11.05	11.06	11.12	11.24	11.35	11.52	11.59	11.67	11.62	11.56	11.36	11.15	10.91	10.66	10.39	10.11	12.85
07/11/2021 16:15:00	11.42	11.32	11.19	11.11	11.08	11.08	11.10	11.12	11.12	11.30	11.52	11.63	11.73	11.69	11.64	11.42	11.19	10.93	10.67	10.38	10.09	12.79
07/11/2021 16:20:00	11.36	11.27	11.15	11.09	11.05	11.04	11.08	11.14	11.23	11.39	11.60	11.70	11.81	11.77	11.73	11.52	11.32	11.07	10.82	10.54	10.27	12.69
07/11/2021 16:25:00	11.70	11.53	11.43	11.36	11.34	11.37	11.43	11.50	11.58	11.69	11.84	11.90	11.97	11.91	11.86	11.65	11.44	11.19	10.94	10.66	10.38	12.65
07/11/2021 16:30:00	11.98	11.88	11.76	11.71	11.72	11.76	11.78	11.81	11.84	11.97	12.15	12.23	12.30	12.24	12.18	11.95	11.72	11.45	11.19	10.88	10.58	12.50
07/11/2021 16:35:00	12.27	12.17	12.05	11.94	11.86	11.92	11.93	11.97	12.06	12.20	12.41	12.51	12.61	12.57	12.53	12.32	12.11	11.85	11.59	11.30	11.01	12.51
07/11/2021 16:40:00	12.39	12.33	12.19	12.12	12.09	12.11	12.16	12.22	12.31	12.46	12.65	12.75	12.86	12.81	12.77	12.56	12.35	12.09	11.83	11.54	11.24	12.30
07/11/2021 16:45:00	12.33	12.25	12.11	12.03	12.02	12.11	12.13	12.18	12.29	12.40	12.56	12.63	12.70	12.65	12.59	12.38	12.17	11.91	11.65	11.36	11.06	12.26
07/11/2021 16:50:00	12.18	12.08	11.97	11.94	11.95	11.95	12.04	12.14	12.24	12.32	12.45	12.50	12.55	12.49	12.42	12.22	12.01	11.75	11.50	11.20	10.91	12.09
07/11/2021 16:55:00	12.19	12.12	12.00	11.95	11.94	11.94	12.00	12.07	12.16	12.30	12.48	12.57	12.66	12.62	12.57	12.36	12.15	11.89	11.63	11.33	11.04	11.91
07/11/2021 17:00:00	11.84	11.80	11.68	11.62	11.61	11.62	11.72	11.82	11.91	12.03	12.21	12.29	12.38	12.34	12.29	12.09	11.89	11.64	11.39	11.10	10.82	11.75
07/11/2021 17:05:00	11.72	11.69	11.65	11.62	11.61	11.62	11.68	11.75	11.82	11.94	12.09	12.16	12.23	12.16	12.10	11.88	11.66	11.40	11.14	10.85	10.56	11.65
07/11/2021 17:10:00	11.72	11.71	11.61	11.57	11.56	11.54	11.59	11.64	11.72	11.89	12.10	12.21	12.32	12.28	12.24	12.02	11.81	11.55	11.29	11.00	10.71	11.37
07/11/2021 17:15:00	11.64	11.72	11.64	11.62	11.63	11.62	11.66	11.73	11.83	11.92	12.06	12.11	12.16	12.10	12.03	11.81	11.60	11.34	11.08	10.79	10.50	11.33
07/11/2021 17:20:00	11.66	11.73	11.61	11.56	11.54	11.54	11.61	11.67	11.75	11.85	12.00	12.07	12.14	12.08	12.02	11.81	11.60	11.34	11.09	10.80	10.51	11.16
07/11/2021 17:25:00	11.40	11.31	11.24	11.21	11.22	11.31	11.37	11.43	11.51	11.65	11.84	11.93	12.02	11.97	11.92	11.71	11.50	11.24	10.99	10.70	10.41	11.30
07/11/2021 17:30:00	11.38	11.37	11.25	11.24	11.29	11.34	11.37	11.43	11.54	11.67	11.85	11.94	12.02	11.97	11.92	11.71	11.50	11.24	10.99	10.70	10.41	11.36
07/11/2021 17:35:00	11.45	11.41	11.35	11.33	11.34	11.33	11.37	11.45	11.57	11.67	11.82	11.89	11.96	11.90	11.84	11.63	11.42	11.17	10.92	10.63	10.35	11.33
07/11/2021 17:40:00	11.42	11.38	11.30	11.25	11.24	11.30	11.35	11.43	11.55	11.63	11.76	11.81	11.86	11.80	11.74	11.53	11.33	11.08	10.84	10.56	10.28	11.31
07/11/2021 17:45:00	11.33	11.29	11.20	11.16	11.17	11.21	11.28	11.36	11.47	11.59	11.75	11.83	11.90	11.85	11.80	11.60	11.39	11.14	10.90	10.62	10.34	11.27
07/11/2021 17:50:00	11.31	11.29	11.25	11.23	11.22	11.26	11.30	11.36	11.44	11.56	11.72	11.79	11.86	11.80	11.74	11.52	11.31	11.05	10.79	10.50	10.22	11.12
07/11/2021 17:55:00	11.10	11.10	11.07	11.07	11.08	11.10	11.16	11.25	11.37	11.45	11.58	11.63	11.67	11.60	11.54	11.33	11.12	10.87	10.62	10.34	10.06	11.05
07/11/2021 18:00:00	11.09	11.14	11.07	11.03	11.02	11.02	11.07	11.15	11.27	11.39	11.56	11.64	11.72	11.67	11.62	11.41	11.21	10.96	10.72	10.44	10.17	11.10
07/11/2021 18:05:00	11.15	11.16	11.08	11.05	11.05	11.09	11.21	11.29	11.33	11.46	11.63	11.71	11.79	11.74	11.68	11.48	11.27	11.02	10.76	10.48	10.20	11.13
07/11/2021 18:10:00	11.15	11.18	11.08	11.06	11.08	11.11	11.19	11.26	11.33	11.49	11.68	11.78	11.88	11.84	11.79	11.59	11.38	11.13	10.87	10.59	10.31	11.17
07/11/2021 18:15:00	11.22	11.19	11.15	11.12	11.09	11.12	11.17	11.23	11.30	11.45	11.65	11.74	11.83	11.79	11.74	11.52	11.31	11.05	10.80	10.51	10.23	11.18
07/11/2021 18:20:00	11.20	11.26	11.20	11.18	11.19	11.22	11.25	11.30	11.35	11.50	11.69	11.77	11.85	11.80	11.74	11.52	11.29	11.03	10.77	10.48	10.19	11.18
07/11/2021 18:25:00	11.12	11.23	11.20	11.19	11.19	11.19	11.22	11.28	11.37	11.47	11.62	11.68	11.73	11.66	11.60	11.38	11.16	10.90	10.64	10.36	10.07	11.13
07/11/2021 18:30:00	11.08	11.12	11.10	11.08	11.07	11.13	11.19	11.24	11.29	11.44	11.62	11.71	11.79	11.74	11.68	11.46	11.24	10.99	10.73	10.44	10.15	11.09
07/11/2021 18:35:00	11.14	11.15	11.10	11.09	11.11	11.13	11.23	11.31	11.38	11.49	11.65	11.72	11.79	11.73	11.67	11.45	11.24	10.99	10.74	10.45	10.17	11.07
07/11/2021 18:40:00	11.12	11.18	11.13	11.10	11.10	11.15	11.19	11.22	11.24	11.41	11.61	11.71	11.80	11.75	11.69	11.47	11.24	10.98	10.71	10.42	10.13	10.93
07/11/2021 18:45:00	10.91	10.99	10.93	10.91	10.91	10.95	10.99	11.03	11.08	11.21	11.39	11.46	11.54	11.47	11.41	11.19	10.97	10.72	10.46	10.18	9.89	10.84
07/11/2021 18:50:00	10.94	10.97	10.89	10.86	10.86	10.87	10.92	10.99	11.09	11.20	11.35	11.41	11.48	11.42	11.36	11.15	10.94	10.69	10.45	10.17	9.90	10.87
07/11/2021 18:55:00	10.83	10.91	10.89	10.86	10.84	10.90	10.91	10.97	11.07	11.13	11.23	11.25	11.28	11.20	11.11	10.90	10.69	10.44	10.19	9.91	9.63	10.74
07/11/2021 19:00:00	10.76	10.81	10.79	10.76	10.72	10.74	10.77	10.84	10.97	11.08	11.24	11.31	11.38	11.33	11.27	11.06	10.86	10.62	10.37	10.10	9.83	10.71
07/11/2021 19:05:00	10.81	10.78	10.71	10.67	10.67	10.73	10.71	10.76	10.86	10.99	11.16	11.24	11.31	11.26	11.20	10.99	10.77	10.52	10.28	10.00	9.72	10.74
07/11/2021 19:10:00	10.89	10.88	10.84	10.83	10.85	10.90	10.92	10.96	11.02	11.11	11.23	11.27	11.30	11.22	11.14	10.92	10.70	10.44	10.18	9.90	9.61	10.89
07/11/2021 19:15:00	10.97	10.95	10.92	10.89	10.88	10.91	10.94	11.02	11.13	11.22	11.34	11.39	11.44	11.37	11.30	11.09	10.89	10.64	10.39	10.12	9.84	11.00
07/11/2021 19:20:00	11.01	11.06	11.00	10.96	10.95	11.03	11.04	11.06	11.13	11.26	11.44	11.51	11.59	11.53	11.47	11.25	11.03	10.77	10.51	10.22	9.94	10.98
07/11/2021 19:25:00	10.99	11.03	10.94	10.94	10.96	10.96	10.98	11.02	11.09	11.17	11.30	11.34	11.38	11.30	11.22	11.00	10.78	10.52	10.27	9.98	9.70	10.98
07/11/2021 19:30:00	10.96	11.05	10.98	10.97	11.00	11.06	11.08	11.12	11.18	11.32	11.49	11.57	11.65	11.59	11.52	11.30	11.08	10.82	10.57	10.28	9.99	11.02
07/11/2021 19:35:00	11.10	11.18	11.09	11.06	11.08	11.15	11.20	11.25	11.31	11.41	11.55	11.61	11.67	11.60	11.53	11.31	11.10	10.84	10.58	10.30	10.01	11.02
07/11/2021 19:40:00	11.05	11.09	11.06	11.06	11.09	11.15	11.21	11.29	11.38	11.46	11.58	11.62	11.66	11.58	11.51	11.30	11.09	10.84	10.59	10.30	10.02	11.03
07/11/2021 19:45:00	11.06	11.07	11.10	11.10	11.10	11.16	11.18	11.21	11.28	11.42	11.60	11.68	11.76	11.69	11.63	11.40	11.18	10.91	10.65	10.36	10.06	11.08
07/11/2021 19:50:00	11.16	11.18	11.14	11.13	11.15	11.17	11.22	11.30	11.40	11.47	11.59	11.63	11.66	11.59	11.51	11.30	11.09	10.84	10.59	10.30	10.02	11.08
07/11/2021 19:55:00	11.19	11.15	11.15	11.13	11.10	11.11	11.18	11.24	11.28	11.41	11.57	11.64	11.71	11.64	11.58	11.36	11.14	10.88	10.62	10.33	10.04	11.20
07/11/2021 20:00:00	11.28	11.24	11.16	11.12	11.13	11.17	11.23	11.29	11.34	11.45	11.61	11.67	11.74	11.67	11.61	11.39	11.18	10.92	10.67	10.38	10.10	11.28
07/11/2021 20:05:00	11.33	11.29	11.19	11.17	11.20	11.26	11.32	11.39	11.48	11.58	11.72	11.78	11.84	11.77	11.71	11.50	11.29	11.04	10.79	10.50	10.22	11.34
07/11/2021 20:10:00	11.41	11.41	11.33	11.29	11.29	11.32	11.35	11.41	11.51	11.63	11.79	11.85	11.92	11.86	11.80	11.59	11.38	11.13	10.87	10.59	10.30	11.43
07/11/2021 20:15:00	11.48	11.40	11.34	11.36	11.41	11.44	11.48	11.55	11.65	11.80	11.98	12.07	12.15	12.10	12.05	11.83	11.62	11.36	11.10	10.80	10.51	11.51
07/11/2021 20:20:00	11.60	11.47	11.45	11.44	11.44	11.51	11.59	11.69	11.79	11.89	12.03	12.09	12.15	12.09	12.03	11.82	11.61	11.36	11.11	10.82	10.53	11.53
07/11/2021 20:25:00	11.48	11.50	11.38	11.35	11.38	11.38	11.46	11.55	11.66	11.78	11.95	12.03	12.11	12.06	12.01	11.81	11.61	11.36	11.11	10.83	10.55	11.52
07/11/2021 20:30:00	11.50	11.43	11.42	11.41	11.40	11.41	11.52	11.64	11.75	11.85	12.00	12.06	12.13	12.08	12.02	11.82	11.62	11.37	11.12	10.84	10.56	11.53
07/11/2021 20:35:00	11.54	11.46	11.38	11.35	11.38	11.46	11.48	11.54	11.64	11.78	11.96	12.04	12.13	12.08	12.02	11.81	11.60	11.34	11.08	10.79	10.50	11.45
07/11/2021 20:40:00	11.44	11.39	11.36	11.36	11.39	11.45	11.51	11.56	11.60	11.72	11.89	11.96	12.03	11.96	11.89	11.67	11.44	11.18	10.91	10.61	10.31	11.42
07/11/2021 20:45:00	11.38	11.32	11.32	11.33	11.37	11.43	11.51	11.62	11.77	11.82	11.92	11.95	11.97	11.90	11.82	11.62	11.42	11.17	10.92	10.64	10.35	11.40
07/11/2021 20:50:00	11.35	11.28	11.23	11.24	11.30	11.37	11.42	11.49	11.56	11.69	11.86	11.93	12.00	11.94	11.88	11.66	11.44	11.18	10.92	10.63	10.33	11.36
07/11/2021 20:55:00	11.33	11.28	11.29	11.31	11.33	11.38	11.43	11.49	11.57	11.70	11.86	11.92	11.99	11.92	11.85	11.63	11.41	11.15	10.89	10.59	10.30	11.13
07/11/2021 21:00:00	11.07	11.02	10.97	10.97	11.01	11.10	11.16	11.25	11.36	11.47	11.63	11.70	11.76	11.70	11.64	11.44	11.23	10.98	10.73	10.45	10.17	11.00
07/11/2021 21:05:00	10.99	10.97	10.93	10.93	10.96	11.00	11.06	11.12	11.20	11.36	11.56	11.65	11.74	11.69	11.64	11.43	11.21	10.96	10.70	10.41	10.13	10.87
07/11/2021 21:10:00	10.74	10.88	10.86	10.86	10.89	10.96	11.00	11.08	11.18	11.27	11.40	11.45	11.50	11.43	11.36	11.15	10.94	10.69	10.43	10.15	9.87	10.69
07/11/2021 21:15:00	10.78	10.78	10.73	10.74	10.78	10.82	10.91	11.01	11.14	11.26	11.43	11.51	11.59	11.54	11.49	11.29	11.09	10.85	10.61	10.33	10.06	10.68
07/11/2021 21:20:00	10.71	10.77	10.74	10.76	10.83	10.92	11.00	11.10	11.22	11.31	11.43	11.48	11.53	11.47	11.40	11.20	11.00	10.75	10.51	10.23	9.95	10.70
07/11/2021 21:25:00	10.68	10.76	10.78	10.80	10.81	10.81	10.90	10.97	11.00	11.14	11.32	11.39	11.46	11.40	11.34	11.12	10.89	10.64	10.38	10.09	9.81	10.67
07/11/2021 21:30:00	10.64	10.73	10.73	10.75	10.79	10.86	10.91	10.96	11.02	11.15	11.31	11.37	11.44	11.37	11.30	11.08	10.86	10.60	10.34	10.05	9.77	10.63
07/11/2021 21:35:00	10.64	10.70	10.71	10.74	10.79	10.88	10.97	11.03	11.09	11.23	11.41	11.48	11.56	11.50	11.44	11.22	11.01	10.75	10.49	10.21	9.92	10.68
07/11/2021 21:40:00	10.67	10.64	10.68	10.72	10.74	10.80	10.88	10.95	11.03	11.13	11.27	11.31	11.36	11.28	11.21	10.99	10.77	10.52	10.26	9.98	9.69	10.66
07/11/2021 21:45:00	10.61	10.65	10.65	10.69	10.73	10.78	10.84	10.91	10.98	11.12	11.30	11.38	11.46	11.40	11.35	11.13	10.91	10.65	10.40	10.11	9.83	10.68
07/11/2021 21:50:00	10.70	10.70	10.67	10.64	10.66	10.79	10.85	10.92	11.03	11.17	11.36	11.45	11.55	11.50	11.46	11.26	11.05	10.81	10.56	10.29	10.01	10.63
07/11/2021 21:55:00	10.67	10.63	10.67	10.72	10.77	10.82	10.88	10.94	11.01	11.12	11.26	11.31	11.35	11.28	11.20	10.98	10.75	10.49	10.23	9.95	9.66	10.68
07/11/2021 22:00:00	10.61	10.66	10.63	10.66	10.73	10.85	10.88	10.92	10.99	11.12	11.29	11.36	11.43	11.36	11.30	11.08	10.86	10.60	10.34	10.05	9.77	10.65
07/11/2021 22:05:00	10.78	10.66	10.64	10.71	10.82	10.90	10.95	11.00	11.08	11.25	11.46	11.55	11.64	11.58	11.53	11.30	11.08	10.82	10.56	10.27	9.97	10.79
07/11/2021 22:10:00	10.83	10.77	10.75	10.75	10.79	10.90	10.99	11.08	11.20	11.32	11.48	11.55	11.63	11.58	11.52	11.32	11.12	10.88	10.63	10.35	10.08	10.83
07/11/2021 22:15:00	10.82	10.75	10.74	10.75	10.76	10.82	10.86	10.94	11.08	11.21	11.39	11.47	11.55	11.50	11.45	11.24	11.04	10.79	10.54	10.26	9.99	10.84
07/11/2021 22:20:00	10.87	10.77	10.80	10.87	10.94	10.96	11.06	11.15	11.24	11.38	11.56	11.64	11.72	11.66	11.60	11.39	11.17	10.91	10.66	10.37	10.08	10.87
07/11/2021 22:25:00	10.87	10.75	10.73	10.78	10.86	10.92	10.99	11.07	11.16	11.33	11.54	11.64	11.73	11.69	11.64	11.43	11.22	10.96	10.71	10.42	10.13	10.83
07/11/2021 22:30:00	10.82	10.76	10.74	10.76	10.80	10.85	10.92	10.99	11.08	11.24	11.44	11.53	11.62	11.57	11.52	11.31	11.10	10.85	10.60	10.32	10.03	10.75
07/11/2021 22:35:00	10.71	10.68	10.65	10.66	10.71	10.80	10.92	11.03	11.13	11.25	11.42	11.50	11.57	11.52	11.47	11.27	11.07	10.83	10.59	10.31	10.04	10.76
07/11/2021 22:40:00	10.66	10.54	10.54	10.60	10.68	10.74	10.85	10.98	11.13	11.19	11.29	11.32	11.35	11.28	11.21	11.02	10.82	10.58	10.34	10.07	9.80	10.65
07/11/2021 22:45:00	10.59	10.56	10.52	10.53	10.58	10.69	10.80	10.90	11.01	11.13	11.28	11.35	11.42	11.37	11.32	11.12	10.92	10.68	10.44	10.16	9.89	10.63
07/11/2021 22:50:00	10.70	10.64	10.67	10.72	10.77	10.81	10.92	11.02	11.12	11.24	11.40	11.47	11.54	11.48	11.42	11.22	11.01	10.76	10.51	10.22	9.94	10.67
07/11/2021 22:55:00	10.70	10.65	10.59	10.64	10.75	10.86	10.90	10.99	11.13	11.27	11.46	11.55	11.64	11.59	11.54	11.33	11.13	10.88	10.63	10.35	10.07	10.68
07/11/2021 23:00:00	10.71	10.68	10.68	10.73	10.79	10.85	10.97	11.08	11.17	11.24	11.34	11.37	11.40	11.32	11.24	11.04	10.83	10.58	10.34	10.06	9.78	10.59
07/11/2021 23:05:00	10.66	10.53	10.58	10.66	10.73	10.76	10.84	10.95	11.08	11.21	11.36	11.43	11.49	11.43	11.37	11.16	10.95	10.70	10.45	10.16	9.88	10.62
07/11/2021 23:10:00	10.58	10.63	10.55	10.57	10.66	10.78	10.81	10.88	10.98	11.11	11.28	11.36	11.43	11.37	11.32	11.11	10.90	10.65	10.40	10.11	9.83	10.58
07/11/2021 23:15:00	10.36	10.42	10.43	10.45	10.47	10.52	10.55	10.61	10.69	10.85	11.05	11.13	11.22	11.17	11.12	10.90	10.68	10.43	10.18	9.90	9.62	10.42
07/11/2021 23:20:00	10.48	10.49	10.53	10.57	10.61	10.69	10.74	10.82	10.93	11.06	11.23	11.30	11.38	11.32	11.26	11.05	10.83	10.58	10.33	10.05	9.77	10.44
07/11/2021 23:25:00	10.42	10.41	10.44	10.49	10.56	10.63	10.66	10.74	10.90	11.04	11.22	11.29	11.37	11.31	11.26	11.04	10.83	10.58	10.34	10.06	9.78	10.40
07/11/2021 23:30:00	10.44	10.38	10.44	10.42	10.41	10.57	10.59	10.67	10.82	10.94	11.10	11.17	11.24	11.18	11.13	10.93	10.72	10.48	10.24	9.97	9.70	10.29
07/11/2021 23:35:00	10.34	10.39	10.42	10.47	10.54	10.61	10.56	10.63	10.82	10.89	11.00	11.02	11.05	10.97	10.89	10.67	10.46	10.21	9.96	9.69	9.41	10.34
07/11/2021 23:40:00	10.32	10.40	10.43	10.49	10.55	10.58	10.61	10.67	10.75	10.89	11.08	11.15	11.22	11.16	11.09	10.87	10.65	10.39	10.13	9.85	9.56	10.40
07/11/2021 23:45:00	10.43	10.43	10.42	10.44	10.48	10.59	10.62	10.68	10.80	10.94	11.12	11.20	11.28	11.23	11.17	10.97	10.76	10.51	10.26	9.99	9.71	10.42
07/11/2021 23:50:00	10.39	10.44	10.38	10.39	10.44	10.50	10.59	10.71	10.86	10.96	11.10	11.17	11.23	11.18	11.13	10.93	10.74	10.51	10.28	10.01	9.75	10.38
07/11/2021 23:55:00	10.40	10.36	10.34	10.42	10.52	10.52	10.63	10.71	10.76	10.94	11.14	11.23	11.33	11.27	11.22	11.00	10.78	10.53	10.27	9.99	9.70	10.37
